1.62524
1.71993
1.01099
1.43049
0.856865
0.0919612
1.76458
0.842667
0.774542
0.338717
1.20833
1.33488
1.12351
0.605702
1.16999
0.847034
0.506558
1.0392
1.01627
1.09236
0.629021
1.46954
1.30024
0.499193
0.516336
1.13866
0.899267
1.66241
0.909794
0.585306
1.42373
1.17403
1.41485
1.35138
0.762197
0.415033
0.93009
0.404498
0.256975
1.07114
1.15771
0.771744
1.11117
0.463763
0.415911
0.372287
1.23896
1.26815
1.88373
0.884282
0.945743
0.787974
0.873123
0.71556
1.88
1.19165
0.581602
0.821872
1.62809
1.33721
1.31872
1.3242
0.193311
0.406321
0.961568
0.368791
0.667772
1.28254
1.65065
1.04392
0.424019
0.680171
0.778689
1.07778
0.684298
1.2125
1.06331
1.24065
0.857873
1.58625
0.42492
0.88651
1.47205
1.70895
0.547966
1.45521
1.03924
0.373365
1.43761
0.831533
0.713679
0.372094
0.569701
1.43299
0.860761
1.23813
0.382033
0.891902
0.879967
1.45444
1.54897
0.95768
0.543622
0.31969
0.855267
1.09561
1.04984
0.781341
0.324873
0.471801
0.45813
0.954684
1.25514
1.50188
0.84794
2.0661
1.44536
0.661175
0.361928
0.323684
0.353474
0.624567
0.95762
1.02142
0.373378
1.07985
0.656501
0.554457
1.3974
0.205082
0.33444
0.620237
0.839151
1.21029
0.899806
1.01956
0.842156
1.55999
0.699857
0.819509
0.465117
0.688485
1.27465
1.5478
1.58926
0.290863
1.08944
0.618371
0.986969
1.11513
1.63116
1.01855
0.613376
0.901098
1.20698
0.486363
1.25751
0.180301
0.590462
1.24318
0.890153
1.8261
1.49632
0.540662
0.823427
0.682489
1.13311
0.662071
1.07542
0.490137
0.707624
0.461764
1.27658
1.74517
0.747912
0.347356
0.221101
0.552886
1.10649
0.87681
0.728878
0.412108
1.04562
0.225104
0.242668
0.301356
0.277695
1.49683
0.858774
1.33951
0.908942
0.789887
0.577831
1.18346
1.57566
1.44992
0.473931
0.64276
0.410362
1.69933
1.1709
1.47744
0.861493
0.978801
0.721147
0.642124
0.204206
0.702357
1.80827
1.11456
1.22438
0.236745
1.40328
0.92856
0.843772
1.14974
1.05524
0.921834
0.323761
0.496414
1.23007
1.48212
0.626801
0.391665
0.752496
0.809192
0.782841
0.987009
1.3435
1.39373
0.794588
0.85535
1.54714
1.83939
0.412364
1.24978
0.649547
0.330328
0.421148
1.84414
1.12988
1.69549
0.899228
0.431344
0.286977
0.358161
1.1423
0.850364
0.537674
0.937547
0.900923
1.54731
0.822863
1.36393
1.41357
0.738889
0.650621
0.871694
0.673915
0.408478
1.33403
0.721329
1.35729
0.407922
1.14198
0.317374
0.166223
0.672619
0.734813
0.737562
0.772167
0.564284
0.47719
0.733304
0.748722
1.69116
1.23329
0.767466
0.672956
0.160716
0.369864
1.69537
1.22657
0.962789
1.60932
0.841498
1.0256
0.197716
1.17683
1.83798
1.32805
1.09782
1.36516
0.870023
0.877559
0.310697
0.540988
1.28081
0.233597
1.05129
1.37411
0.598841
1.38425
0.757519
0.963457
0.744867
0.669338
1.12018
1.2686
1.91656
0.434623
1.11231
0.382313
1.10141
0.906751
0.65782
0.145495
0.484572
1.50113
0.787932
0.672599
1.26635
1.15876
0.767408
0.828897
0.611135
1.04501
0.442463
0.108747
1.09636
0.815341
1.36789
0.702638
0.105029
0.84387
1.02287
0.58235
0.763298
1.13565
1.67046
1.45668
1.1842
1.28472
1.10213
0.28344
0.810069
0.525698
1.22369
1.03342
1.68873
1.71363
1.02014
0.537359
1.10761
1.0943
1.40172
1.69985
1.31316
0.782524
0.432845
0.758186
1.20299
0.0709456
0.288034
0.884346
1.35293
1.46299
0.719038
1.73325
1.57305
0.541177
0.347613
1.26074
0.817379
0.745207
0.82074
1.60635
0.84514
1.01396
1.01874
1.69192
0.987564
1.65287
0.492955
0.746598
1.14772
1.40314
1.03396
1.51392
0.727914
0.967004
0.521769
0.281413
1.14
0.957127
1.1766
0.955285
0.126687
0.9229
0.445232
1.52866
1.52595
1.3041
1.53058
0.3062
0.828194
1.29322
1.11556
1.0328
0.677136
0.311074
0.820733
1.16418
0.734072
1.23191
1.18059
0.613118
1.00733
0.672137
0.0585942
0.733183
1.15029
0.765323
1.82177
0.118481
1.16818
1.68815
0.635606
1.19303
0.679723
1.59179
0.23742
0.308086
0.79561
1.20287
1.09757
1.5092
0.939075
0.587321
1.39321
1.47108
0.858765
0.872863
0.368591
0.54184
1.39697
1.49023
1.80534
0.394107
1.5211
0.529584
0.863982
0.957077
0.641651
0.78691
0.761353
0.301833
1.37395
0.899471
0.325121
0.0993997
0.732874
0.69258
0.537081
0.506272
0.383217
1.02155
0.880666
0.462624
0.812473
1.70221
0.642847
1.03687
0.256274
0.751691
0.153247
0.73279
0.837538
1.24856
1.07982
0.885051
0.504212
1.00273
0.717361
0.994875
1.21512
0.840991
0.976243
0.575654
1.07168
1.49313
1.35863
1.08322
0.844456
1.0397
0.560922
1.08679
1.70165
0.56772
0.537078
0.77442
0.542026
0.758744
0.836397
0.44765
0.545314
1.35786
1.00112
1.41722
0.859536
0.593399
0.260684
0.591715
1.2768
1.69451
0.834079
1.38955
0.70622
0.931671
1.11446
0.684077
0.308232
0.616679
0.70791
0.198986
1.12779
0.422021
0.610536
0.637833
0.342662
0.679953
1.2346
0.368479
0.587879
1.16398
0.909167
0.64205
0.329355
0.869669
0.250891
1.31724
1.12262
1.11033
1.15675
0.670119
1.30199
1.20411
1.16757
1.57381
0.426399
0.581532
0.856506
0.963991
1.20027
0.757313
0.505826
1.12959
1.43245
0.243743
0.925778
0.732118
1.13751
0.64529
0.864925
0.310898
1.1784
0.82527
1.57118
0.56159
0.376668
0.377501
0.757445
1.50105
1.12573
1.97955
1.42251
1.03206
0.348354
1.37324
1.77936
1.08038
1.53087
0.759035
0.854461
0.755092
0.647995
1.33903
1.56007
1.53855
0.782674
0.415038
0.219459
0.659974
1.51569
1.56332
1.27372
0.834932
0.497266
0.542842
0.838529
0.394935
0.255969
1.80063
0.157267
0.613217
0.978921
0.898503
1.71012
1.87801
1.41235
0.882001
0.277825
0.559828
0.185391
1.26996
0.684291
0.29913
0.623289
0.412165
0.880637
0.864284
1.5938
0.911243
1.10524
1.29242
0.663984
0.40773
1.04524
1.31108
1.68153
0.952337
0.549225
1.15285
1.43589
0.850088
1.14659
1.01974
0.324359
0.806336
1.35045
1.06629
1.08424
0.800621
0.86014
1.08758
1.39206
0.913943
1.36968
1.64401
0.810506
1.4753
0.864531
0.839725
0.638761
1.58802
1.60412
1.00119
0.984778
0.151656
0.70926
0.172652
0.868833
1.31392
1.145
0.68808
0.760348
1.14234
0.623957
0.563065
1.31214
0.603922
1.30272
0.49798
0.984892
0.446424
1.41658
0.992523
0.325018
0.867544
0.927102
0.522219
1.09441
0.713934
1.3518
1.71441
0.851257
0.551066
0.730698
1.45796
0.524952
1.25353
0.821664
1.06422
1.45961
1.18041
1.02813
0.723742
1.13165
0.30243
0.595784
0.606929
0.776093
0.91644
1.06857
1.05017
0.943244
1.28417
0.763596
0.977933
0.474758
1.20267
0.612151
2.02132
0.722661
0.662595
0.419721
1.0436
1.16388
1.32505
1.48566
1.15011
0.735572
0.881324
1.20521
1.29368
0.461953
0.775424
0.635256
0.60582
0.980346
0.787355
0.154366
0.457188
1.37917
1.04391
0.903294
0.665648
1.27315
0.914484
0.829167
0.697291
0.303115
1.12674
0.474579
1.49599
0.765853
0.760805
0.740739
1.03963
0.933293
0.403097
0.2594
0.611215
0.142473
0.577057
1.07052
0.761176
0.245962
0.84955
0.959645
1.09628
0.97208
0.221982
0.273751
1.05061
0.834991
0.191427
0.943139
0.950111
1.65242
0.893422
0.898495
0.945125
1.0793
0.705524
0.782771
0.818958
0.865005
1.01789
0.970423
2.03621
1.69799
0.631217
1.08603
0.826503
0.858413
0.76449
1.15048
0.975699
0.716232
0.871434
0.878751
0.735738
0.502725
0.328047
0.738947
0.523086
0.767028
1.66704
0.886367
0.304103
1.55955
1.14699
0.693483
0.757582
0.567797
0.915324
0.335398
0.721857
0.959158
1.02855
0.732508
0.195649
0.998901
0.980447
1.296
1.02768
0.344401
0.0968791
0.330221
2.05103
0.367457
0.991154
0.920247
1.04641
0.534825
0.343247
0.671299
1.62024
1.02249
0.549382
1.41485
0.717504
0.783478
0.577753
0.767506
1.30031
1.35151
1.60549
0.464497
0.502978
2.017
0.499717
1.27007
1.12706
0.30777
0.992857
1.29922
1.31263
0.6637
0.929197
0.283518
0.808916
0.461483
0.576981
0.572117
1.21034
0.931298
1.27226
0.367774
1.3101
0.282319
1.22157
1.24856
1.08504
1.62452
0.470276
0.809298
1.15068
1.77979
1.06334
1.17111
0.855104
0.688598
0.72446
0.7437
1.23993
2.02034
1.06555
0.620987
0.322954
0.794608
0.982748
0.655147
1.60414
1.01268
0.960149
1.03208
0.525596
1.01404
0.8303
0.897673
0.742431
0.52022
0.561698
1.50883
1.14386
1.50004
1.53682
1.29486
1.39777
0.331128
0.915361
0.585198
0.914455
1.49355
0.303294
0.594662
0.689619
1.01744
0.527992
1.42631
1.53073
0.483133
1.21234
0.608386
0.925572
1.12098
1.12615
1.31348
1.5946
1.09785
1.1504
0.228169
0.577006
0.966831
1.38971
0.573949
0.460024
1.32341
1.32546
1.04725
1.84069
0.822359
0.190776
0.236967
1.46518
1.83056
1.63083
0.338899
0.480358
0.786608
0.855805
1.11722
1.40188
1.71776
1.56348
0.662376
0.430597
0.334331
0.479563
1.80186
0.757208
0.879225
0.441144
0.262194
0.469965
0.889487
1.0188
1.09665
0.809717
0.359521
0.9709
0.699021
0.861481
0.961571
0.501807
0.0581859
0.756916
0.87759
0.612726
0.491791
1.14279
1.44423
1.21875
1.35212
1.42547
1.00805
1.50815
1.24706
1.07344
0.82075
0.385141
1.17289
0.512827
0.406952
1.58297
1.31006
0.563811
0.545945
0.650827
1.13164
0.589764
1.25352
1.15998
0.248883
1.36303
1.47278
0.912662
0.850637
0.4602
0.431094
0.759173
0.982639
0.909633
1.69151
0.584249
1.07791
1.02921
1.50438
0.893903
0.65762
0.699096
0.798802
0.644293
0.509208
1.29381
1.24323
0.609336
0.447635
0.258315
0.915671
0.491955
0.80955
0.812775
1.07649
1.60259
0.407654
0.34083
0.189718
1.4861
0.808908
0.992396
0.139424
1.25868
1.10974
1.50769
1.7774
1.20883
0.738989
0.414942
0.589451
0.730133
0.383146
0.677226
0.424162
0.287609
1.40824
0.700223
0.601433
0.862432
1.06543
0.236574
1.46722
1.50569
0.657702
0.673692
0.783469
0.869639
0.566553
1.03856
0.672919
1.24123
1.39411
0.562127
1.12846
0.642914
0.146444
0.776336
1.49792
1.94576
0.677929
1.21502
0.778157
0.68315
1.11566
1.33991
1.59802
0.996507
0.826419
1.00171
0.670488
1.02031
1.16531
0.89313
0.469184
0.237954
0.816347
0.302752
0.379001
1.34725
1.75091
1.40056
1.49618
0.104571
0.598819
0.426555
0.0925937
0.831197
0.896714
0.222701
1.02413
0.550235
0.672489
1.07678
1.07661
1.20711
0.140547
0.800605
0.527664
0.942272
1.2792
0.509527
1.94159
0.978413
0.676083
0.338935
0.869428
0.543471
1.05866
0.527834
0.951345
0.842191
0.854492
0.968792
1.44507
1.08843
1.99295
1.09403
0.488655
1.24954
0.586535
0.489025
0.777768
1.34261
0.457691
1.44805
1.63079
1.86873
1.29547
0.61936
0.553554
0.500654
1.40052
1.43885
0.842261
1.16973
0.986282
0.374691
1.20561
0.75446
1.05946
1.45255
1.52549
0.255133
0.878781
0.100856
0.668586
1.57047
0.645359
0.717172
0.327035
0.676401
0.902301
1.1529
1.24499
1.08122
1.28603
1.57049
0.367216
1.13911
1.33327
1.46669
0.701529
0.81707
0.823073
0.287268
0.919366
1.18327
1.20788
0.534185
0.172286
0.769606
0.469041
1.91572
1.46334
1.48335
1.10458
0.884063
1.16099
0.752302
1.10619
0.703885
0.556513
1.18616
1.3652
0.800614
0.221464
0.659529
0.704712
0.925528
1.70919
1.84743
1.33417
1.5028
1.30479
0.240517
0.688993
1.07648
1.49142
1.93244
1.02207
0.386021
1.01994
0.773627
1.11358
0.839695
1.04522
0.775996
1.03914
0.792964
0.315478
1.15052
1.83151
0.72797
0.562445
0.780582
0.473468
0.896863
1.49647
1.22973
2.00274
1.51715
0.323755
0.394291
1.25997
0.379433
0.0668234
0.461695
1.04681
0.867038
1.01146
1.01173
0.994727
1.72195
0.468297
0.520664
0.182868
0.641861
0.15947
1.17479
0.865554
0.511327
1.19004
0.543906
0.0833127
1.16096
0.793809
0.71766
0.72999
0.650412
1.4928
1.20888
1.32288
1.00934
1.02088
1.4558
1.08552
1.36907
1.74903
0.740452
1.47377
0.315073
0.399693
0.445885
1.13013
1.39324
0.857614
1.08022
0.485206
0.961824
0.420827
0.687245
1.7245
1.32998
0.349045
0.754697
0.470928
0.872887
1.23216
0.99189
0.53911
0.672086
0.914948
0.469928
0.593088
0.531473
0.84183
1.54302
1.89917
0.84376
1.04794
0.63053
0.376052
1.45642
0.431026
1.11882
0.183679
0.133863
0.618653
0.577602
0.787738
0.842989
0.752656
0.393331
1.02532
0.480067
0.944552
0.779201
1.17428
1.45789
0.873635
0.616362
0.795915
1.16014
1.45903
1.01444
1.96546
0.24656
0.591639
0.757396
1.08574
1.50961
1.00994
0.233962
0.57544
0.124877
1.23814
0.460467
0.690325
1.51501
0.5552
1.00458
1.00761
1.46835
1.58725
0.340767
0.15526
0.200862
1.43507
0.786352
0.762831
0.377261
0.372026
0.573786
0.854229
1.11671
0.623402
0.849263
0.960524
1.44113
1.06463
0.979898
1.12833
1.17579
0.557614
0.876442
0.886547
0.232431
0.438131
1.06356
1.83352
1.08137
0.390279
0.630591
0.329695
0.954391
1.63536
1.70414
1.19053
1.07599
0.991116
0.695074
0.652392
1.03245
0.355579
0.353247
0.725915
0.804141
0.431249
0.31806
1.59183
1.60865
0.422824
0.761024
0.609191
0.505223
1.09909
1.18053
0.673937
0.885726
0.716847
0.464135
1.07852
1.59161
0.930537
1.02473
0.661203
0.94571
0.933465
1.50705
1.07976
0.874842
0.523376
0.178099
0.946533
2.81424
1.51897
1.41018
0.427576
1.16512
0.661111
0.795737
0.908082
0.971948
1.29581
0.252348
0.853706
1.44544
1.35778
0.684302
0.897793
0.28801
0.448325
1.42978
1.74089
0.609079
1.33896
1.48201
1.13814
0.759411
0.442201
0.326218
0.841605
0.355271
0.858445
0.925096
0.251381
0.308331
0.668229
0.558602
0.761884
1.04264
0.391585
0.246831
0.889806
1.4766
1.45075
1.1614
1.34135
1.09068
0.907698
0.798029
0.953935
0.914329
1.72876
0.80496
1.42829
0.961988
0.14303
0.690668
1.76211
0.970475
0.640375
0.932885
0.584524
1.52905
1.88404
0.519776
0.24375
1.06453
0.854332
1.12678
0.495903
0.596663
1.68745
0.54112
0.558956
0.392953
0.875844
0.531472
0.796023
2.13246
1.53947
0.790242
1.28442
1.04963
0.427299
1.02729
1.06333
0.868647
0.598917
1.18339
0.505864
0.838332
1.26618
0.857543
1.22571
1.05988
0.687971
1.1055
0.464083
1.27965
0.515714
1.20071
0.576453
0.885635
0.992647
0.998294
1.73658
1.17065
0.96411
0.95766
0.931942
0.952016
1.213
0.984479
0.530221
1.2583
0.504475
0.651862
1.01906
1.67378
1.89296
0.802267
0.691689
0.648734
0.632525
1.6033
1.31552
0.356958
0.66629
0.220387
0.841196
0.447417
0.656306
0.358624
0.890281
0.336556
0.959435
0.719598
1.06442
1.31395
1.51526
1.06555
1.67358
1.73625
1.22146
0.776724
1.44825
0.897305
0.162621
0.345367
0.590092
0.714397
1.27205
1.57782
0.885472
0.708008
0.943804
0.580036
0.823767
0.407952
1.38875
1.06497
0.961259
1.16872
0.434359
0.554534
0.442833
0.550745
0.749186
0.327821
0.664521
0.548449
1.41409
1.24764
0.539265
0.994484
0.238636
0.993701
0.386766
0.892905
0.36546
0.692279
0.541953
0.361167
1.79063
0.734387
0.892792
0.363074
0.420403
0.484906
0.842122
0.81094
0.941217
0.801068
1.04921
0.407925
1.3903
1.18163
1.01571
1.54099
1.48486
0.639656
0.332989
1.27308
0.994238
1.47787
0.232762
0.75696
0.677925
1.01903
1.0338
1.34025
1.08215
0.68061
0.937334
0.665373
0.524818
1.51403
0.932617
1.16091
1.18732
1.83383
0.850537
0.374508
0.663362
0.288568
0.304812
0.666016
0.392368
1.27231
0.55593
0.622333
0.822564
0.503939
1.26613
0.909368
0.896822
0.613804
0.245542
1.18046
0.993505
0.579192
1.11485
0.608016
0.173919
0.347203
0.870084
1.08123
1.98169
0.696842
0.671861
1.1545
0.508697
0.651551
1.00528
1.40735
1.52934
1.24935
0.14641
0.611522
1.43078
1.49296
0.590218
0.926077
0.962629
0.600663
0.986906
1.02682
0.897661
0.25689
0.88542
1.12665
1.05366
1.00892
0.697885
1.27707
0.428252
0.778524
1.70461
1.02529
1.02919
1.12853
1.03092
0.780994
0.422512
0.928096
1.14096
0.831329
1.46053
1.18377
0.532096
0.0601743
0.979428
1.79078
1.73707
0.354115
1.17672
0.46145
0.323129
0.433759
1.68687
1.40011
1.57267
1.22314
0.31641
1.18249
0.729543
0.903303
0.832409
0.543923
1.00686
1.61426
0.887306
1.30407
0.481472
1.91598
0.574391
0.71276
0.679224
0.621209
0.327423
1.44224
1.34726
0.713354
0.346337
0.47771
0.667805
0.10889
0.588434
0.559298
0.480766
0.866012
1.2004
1.16603
0.857354
1.27982
1.27408
1.49087
1.10372
1.49652
1.00393
0.226745
0.947419
0.197199
1.7065
1.62426
1.24453
1.58627
0.521778
1.31398
1.27119
1.20389
1.04025
0.930066
1.03697
0.50143
0.888822
1.14965
0.969222
0.440299
1.72156
1.52729
0.965832
0.758544
0.658217
0.839942
1.29823
0.777714
0.992717
1.63553
1.07681
0.390758
0.808633
0.767546
0.532815
0.693466
1.10546
0.833179
1.36086
1.17597
0.2812
0.255376
1.45739
0.737362
0.349729
0.484263
0.270127
1.58147
0.597782
0.446775
1.11683
0.586557
0.754291
0.627979
0.53837
1.24483
1.6072
1.32894
1.09431
0.69162
0.63218
0.754123
0.627024
1.61391
0.924673
0.652194
1.42363
0.585364
1.27145
1.41514
1.26184
1.41688
0.300018
0.544323
0.570667
0.549956
0.891272
0.505311
0.904462
0.28796
0.707849
0.794001
0.137829
0.49622
0.410162
1.81537
0.905916
2.25178
0.525884
0.922995
0.591102
0.318642
1.12505
2.26298
1.35321
0.656606
1.0461
0.477248
0.542115
0.168118
0.936922
1.20317
1.27719
1.07673
0.609599
0.93254
1.20575
1.46587
1.44473
1.37072
0.603695
0.525301
0.440913
0.503602
1.06366
1.08499
0.594367
0.33189
0.125568
0.194285
0.26123
1.06067
1.36912
1.82137
0.905238
0.0335022
0.956834
0.90419
0.690852
1.01848
1.16154
0.640918
0.612166
0.875435
1.09332
1.18128
1.11825
0.74413
0.582712
0.20253
0.0857952
0.803585
1.15276
0.851215
1.1003
0.659617
1.60969
1.92157
1.11702
1.10835
0.559265
0.949082
1.13579
1.43045
1.46452
0.714965
0.589888
0.552484
0.944617
1.04576
1.45291
1.16352
0.495824
0.50026
1.07572
0.775114
1.24324
1.3746
0.786176
1.3426
1.30106
1.11929
0.493901
0.467311
1.69192
0.739061
0.18622
0.142149
0.662912
0.565483
0.48237
0.346243
0.947061
1.2333
0.450267
0.214803
0.475495
0.962945
0.789396
0.780147
0.298186
0.726653
1.07527
0.652841
0.307396
1.32862
0.150038
1.32136
1.21092
1.30333
0.505501
1.43757
0.862524
1.25938
1.11712
1.3676
0.597136
0.588976
0.587074
0.293287
1.61915
0.818851
1.04357
0.859589
0.925822
0.895964
1.80122
0.343665
1.00093
0.692614
1.27613
0.907494
0.213028
0.750247
0.752754
1.17224
1.34785
0.999872
0.747539
0.844029
0.214053
1.53949
1.95889
1.13097
1.25556
0.809377
0.538062
0.12705
1.56739
0.356071
1.05568
0.462521
1.1776
1.35847
0.500377
0.944149
1.13566
1.06365
1.05702
0.415731
0.857277
0.485338
1.23898
0.998211
0.487849
0.891599
0.675241
0.465555
0.614523
1.27986
0.786914
1.35034
2.32357
1.73291
0.881658
0.619486
0.554932
0.597534
1.19544
0.556569
0.576656
0.8256
1.07739
0.532513
1.74742
0.904402
0.430608
0.41468
0.845927
0.555359
0.712323
1.12408
0.45788
1.4527
1.05159
0.375358
1.55311
1.14765
1.21773
1.41685
0.886741
0.194248
0.958903
1.86416
1.84067
2.13681
1.00397
1.12058
0.678104
1.6967
1.99127
1.34474
0.944729
0.313188
0.307525
1.2689
0.709094
1.44136
0.869107
1.00476
0.369752
0.665077
0.433816
0.380998
1.65793
0.924416
0.604716
0.754985
0.119712
1.98104
1.02995
0.573
0.71501
0.940718
0.361036
0.129375
1.01708
0.736407
1.25093
1.55475
1.50414
0.433449
0.245662
0.507587
0.650982
1.67397
1.12912
0.465334
0.304391
0.559747
1.49306
2.03239
1.08898
0.697269
1.10113
0.460749
0.6675
0.985453
1.31264
0.700631
1.5171
1.44008
0.69172
0.515738
1.25718
0.784816
1.46016
1.14558
0.251052
1.43709
1.55865
1.71482
1.37751
0.79533
0.672828
0.385
1.00583
1.1129
0.977791
0.72514
0.80716
0.689451
0.37587
1.31851
0.712764
0.869871
1.63612
0.74101
0.656224
0.717825
1.05848
0.196027
0.865905
0.86397
0.735099
0.204674
0.808273
0.427207
0.784615
0.42224
1.15535
0.918109
0.699293
1.58644
0.898823
0.975037
0.673832
0.990269
1.23476
0.728671
0.799479
1.45574
0.440312
0.825739
0.734073
0.961572
0.284508
0.303864
1.4397
1.24701
0.793691
1.60322
0.761631
0.395216
0.528189
0.92959
0.93969
0.457761
0.647964
0.712182
0.272512
0.654839
1.3167
0.987986
0.871648
0.990358
0.568566
1.12115
1.13191
0.677293
0.281286
0.578327
0.122759
1.36674
1.34535
0.957589
0.789354
1.33413
0.506848
1.159
1.77437
0.92667
0.555067
0.23177
0.95282
0.758052
0.813125
0.765173
0.290356
0.745642
1.41282
0.885603
0.30164
0.35315
0.753559
2.01034
1.20505
0.0946211
0.931562
1.00451
1.04477
0.758763
0.768634
0.562647
0.885483
1.01313
1.02026
1.22386
1.14951
0.583223
0.0639172
0.8569
0.839823
0.432491
0.228752
0.182908
0.609205
1.29833
0.661751
0.353912
0.844952
0.949816
1.35301
0.393027
0.721963
0.313479
0.504094
0.91892
2.24232
1.42906
1.2729
0.393952
0.838907
1.0451
1.0409
1.08184
1.35695
0.712237
1.0528
1.53434
1.66745
2.59544
1.6154
0.489691
0.438174
0.504146
0.83146
1.23607
0.78258
0.879412
0.69996
0.946151
0.78193
1.046
0.743117
1.37025
1.08255
1.01275
0.662802
1.06094
1.08941
0.461788
1.95498
1.24365
0.610273
0.557743
0.766966
0.900655
1.25158
1.62076
0.182689
0.657044
0.137684
0.940596
0.484196
1.48001
1.06604
0.392335
0.858394
0.899225
0.420098
1.5983
0.603872
1.17233
1.06661
0.69393
0.408314
0.721859
1.33771
1.21112
1.35586
0.589296
0.665547
0.978665
1.14894
1.3619
1.64394
0.960791
0.647972
0.999006
0.677238
0.997419
1.71591
0.549073
1.19745
0.741662
1.16366
1.50469
1.41728
1.57545
0.911025
0.367441
0.768979
0.899425
0.577911
1.14388
1.44122
1.54182
1.05275
0.518408
0.500008
0.731965
1.51231
1.36116
1.08398
0.990902
1.93023
0.589052
0.491108
1.81351
1.46573
0.61757
0.536293
0.412701
1.05501
1.0342
1.09303
1.02623
1.23514
0.675361
1.03574
0.329527
1.40749
0.774647
1.22346
1.03525
0.300718
1.1948
0.607893
0.277174
1.02218
0.265035
0.945893
0.461543
0.270015
0.850921
1.26707
1.12326
1.34672
1.49639
0.767716
1.08337
0.546581
0.241163
0.853582
0.648184
0.754099
0.787907
0.822262
1.46126
0.925469
0.780361
1.77358
1.14504
0.751789
0.599296
0.820654
1.28442
0.698067
0.554285
1.39378
0.907514
1.11637
1.91692
1.15824
0.252224
0.420656
0.854616
0.432904
1.07573
1.13105
1.26925
0.4257
1.20222
0.809665
0.0921427
0.678103
0.773469
1.87151
0.942766
0.455337
1.13248
1.37153
0.530242
0.849017
1.12559
1.26759
0.317383
0.32234
0.339699
0.395824
0.110852
0.492291
0.978484
1.14771
0.730549
0.605402
0.488591
0.511972
0.779204
0.716837
0.909038
0.278183
1.37295
0.393171
0.457469
0.741469
0.829793
0.865685
0.696568
0.802599
0.751683
0.892769
0.83944
1.96638
1.23311
1.05338
1.05384
1.17514
0.707962
0.908849
1.1381
0.564588
0.573421
1.48591
0.71352
0.634122
1.07812
1.32508
0.3927
0.386784
0.485311
0.360559
0.647608
0.975356
1.06314
0.996928
1.84093
1.05913
0.351845
0.565277
1.00016
1.80878
1.32442
0.63029
1.05593
1.10255
0.874165
1.33647
1.05628
1.51276
0.848504
0.32949
0.581104
1.31399
0.682567
0.453189
0.887471
0.704578
0.743527
1.40115
0.427915
1.01028
0.844628
1.16489
0.790535
1.03985
0.905182
0.388627
1.18045
0.678859
0.708787
1.00807
0.299256
1.50949
1.62674
0.536898
1.06595
1.0485
0.865779
0.450504
1.28483
0.345876
1.09118
0.276447
0.928283
0.44964
0.261034
0.892878
0.128763
1.53523
0.808086
0.676681
0.215316
1.04165
0.725305
0.549626
0.984035
0.801282
1.80038
0.776213
0.997837
1.68162
1.28626
1.55426
0.764326
0.479637
0.854717
0.844106
1.44125
1.59306
2.40437
0.983792
0.837839
0.648872
0.801952
0.729614
1.15193
1.12647
0.203874
0.946373
1.70397
0.832303
1.34667
0.461054
0.307902
1.33553
0.486143
1.35848
0.802164
0.863431
0.9829
1.55277
1.10233
0.785311
0.496823
0.478339
0.0289188
0.818598
1.19729
0.519861
0.561506
1.00577
0.270698
0.696379
1.58572
0.915857
0.496131
1.5264
0.117636
1.14163
1.24772
0.731372
0.335756
1.79441
1.34441
0.895235
0.277959
1.42416
1.66046
1.22696
0.81671
0.54847
1.20915
0.74457
0.938772
1.49388
0.740807
1.12464
0.843441
0.636107
1.18071
1.30488
1.66835
0.921806
0.958095
0.509999
1.64179
1.47308
1.23947
0.395124
0.130778
0.491858
0.356646
1.15449
1.00989
0.625807
0.674911
1.22396
0.817539
1.56629
0.90741
0.457588
1.09438
1.10576
1.37051
0.546854
1.11363
0.80891
1.43129
1.39428
0.538265
1.08955
0.840456
0.614485
1.55459
1.20126
0.81787
0.729313
0.811906
0.66654
1.09156
1.5121
0.782355
0.380353
1.25244
0.775053
0.758524
0.271498
0.975286
0.729778
1.10872
0.667569
0.158784
0.310397
0.552203
0.92891
1.67409
1.0587
0.312483
1.57695
0.718263
0.683132
0.697566
0.936141
0.783531
0.753476
0.779765
0.968313
0.990729
1.06338
0.909649
1.2493
1.54269
1.18084
0.87654
0.879602
0.294455
0.700908
1.45376
2.14026
2.00146
0.836153
0.422399
0.49753
0.222183
1.25366
1.00409
0.531728
0.625712
0.969336
0.183179
1.56122
0.762095
1.33404
0.773972
0.298144
1.22338
1.7794
1.2583
0.910072
1.07896
0.723542
0.818795
0.457482
1.40043
1.51695
0.665196
0.243169
0.559679
0.511119
0.952568
0.198704
0.871309
0.429746
0.773465
0.220407
0.713235
0.667765
1.13092
0.704524
1.08246
0.632728
0.441235
0.595303
0.922759
1.1157
0.121949
1.02175
0.36857
0.98391
0.640363
0.484607
1.06175
2.03559
1.63393
0.90392
1.11533
0.840294
1.16049
1.64917
1.00127
1.00917
0.205974
0.449321
0.6585
1.29863
2.16253
0.580596
0.881064
0.379357
0.734458
0.509287
0.597445
1.05737
1.1753
1.42411
0.7962
0.325553
0.652704
0.357095
1.08466
0.68046
0.960315
0.384657
1.50103
0.883782
0.308705
0.782426
1.32349
1.07551
0.749043
0.634963
0.659632
1.02808
0.166666
0.290416
1.48991
0.688075
0.434114
0.664827
0.956043
1.19992
0.511736
0.470436
0.844788
0.818875
0.926425
0.642122
0.537231
1.08047
1.023
1.28054
0.175321
0.843903
1.76359
1.39734
1.35876
1.68967
0.486305
0.864438
1.04692
1.4999
0.723996
0.128877
0.37213
0.740128
1.14726
1.5078
0.355596
0.530815
1.15788
0.834264
1.52212
1.84894
0.745571
0.742644
0.867699
0.267368
0.95136
1.41729
0.842826
0.655881
1.52277
0.138726
0.348266
0.447512
1.13808
1.85672
1.72159
1.3331
0.606094
0.768838
0.772271
1.44552
0.730018
1.14233
0.647613
1.50371
0.787648
0.282287
1.62015
1.17514
0.237262
0.260538
1.20967
0.690964
0.662314
1.44086
1.2639
0.340468
0.908696
0.50537
1.53182
0.434033
0.694694
0.56859
0.630488
0.959476
1.71438
0.409578
0.665076
0.690921
0.396525
0.252185
0.601402
1.69587
0.896031
0.956254
0.960422
0.581643
1.03215
0.436818
1.78929
2.01486
2.19568
0.933295
0.473746
0.530509
1.38583
0.89762
1.1313
0.490686
0.787585
0.751942
0.831023
1.7619
2.29103
2.01131
0.338239
0.271479
0.490745
0.684408
0.94494
1.37516
1.15539
1.71405
0.462683
0.525162
1.22079
1.02909
0.469965
1.2193
0.312666
0.422847
1.14285
1.04677
0.975226
0.918409
0.896379
0.927789
0.591259
0.947445
1.53439
0.814311
0.717324
0.558367
0.447656
0.747277
1.01146
0.533682
0.759998
0.920711
0.868194
0.832504
0.518449
1.48757
1.57716
1.29429
0.422851
0.493599
1.38816
1.58051
1.70438
0.688607
0.971661
0.310368
0.683501
0.973173
0.755671
0.91886
0.167502
1.77273
0.896563
0.654565
0.427923
0.805659
1.43232
1.60076
0.559073
0.765127
0.477706
0.217508
1.1678
0.787585
1.36234
0.987473
0.485102
0.193257
1.22991
0.958202
1.45348
1.83394
1.32026
1.23118
0.746929
0.266653
0.885351
0.40592
1.6689
1.19787
0.943739
0.603262
0.867399
0.705923
0.594845
0.978422
0.467831
0.450918
0.328896
0.598863
0.461894
0.401775
1.88365
0.978737
0.224374
0.309819
0.926616
1.89611
1.85873
1.36532
0.722074
0.548081
0.485955
0.173344
0.929362
0.522872
0.417473
0.301847
0.296703
0.242428
0.773603
0.989573
0.193946
1.89286
0.229855
0.946551
0.440673
0.459583
0.439971
0.767321
0.441172
0.627538
0.857392
1.32031
0.809854
1.26462
0.0435693
0.205314
0.891078
1.07626
1.10469
1.39139
1.66201
0.939391
1.02618
1.42902
1.82709
1.2717
0.619799
0.809364
0.834079
0.624225
1.02639
1.54071
1.5239
1.58499
0.857518
0.601432
0.872987
0.837323
0.869653
0.461283
0.559741
1.41087
0.435265
0.0896109
0.879107
0.800553
1.54799
0.547412
0.504294
0.669238
0.385768
0.985514
1.25693
0.804055
0.634266
0.573543
1.01008
0.906798
0.618125
1.32303
1.19136
0.578161
0.993711
0.92195
1.33172
1.09581
0.632218
0.657879
1.15684
0.829188
1.04717
0.401662
1.40334
0.350949
0.843303
0.4445
0.816688
1.53394
1.63933
1.04049
0.970492
1.20455
0.763425
0.605121
1.81631
1.0026
0.564639
0.477517
1.03848
1.36788
0.82238
0.538128
1.19287
0.847379
0.923353
0.954811
0.857192
1.38558
1.6052
1.31253
1.30922
0.735972
1.30776
0.486042
0.335424
0.745355
1.62617
1.17572
0.304991
0.386196
0.742149
1.00294
0.29948
1.61524
0.0745624
0.578117
1.09887
1.76934
0.989945
1.14432
0.90191
1.04585
0.792895
0.530631
1.36272
0.841955
1.15536
0.433658
1.33964
0.868998
0.124709
0.463431
0.88157
0.865428
1.14478
1.74241
0.752721
0.664754
1.57809
0.79627
0.800209
0.699358
0.530588
0.428067
0.695554
1.01077
0.894664
0.887288
0.713004
1.16088
0.761557
0.789397
0.750232
0.876062
0.48846
1.07019
1.54265
1.35009
0.537777
0.936471
1.15339
1.76173
1.75749
1.28197
1.0558
0.934071
1.15855
1.08123
1.097
0.662331
0.0806082
0.564499
0.694661
2.10979
2.09104
0.864393
0.267198
1.22431
1.42538
0.868917
1.8107
0.598414
1.2369
0.722054
0.523724
0.679464
1.60069
0.809842
0.49065
0.617019
0.491606
0.929173
1.83071
1.64369
0.891479
0.849292
1.13206
0.467793
0.666718
0.882269
0.868448
1.00405
0.455603
0.676468
0.72074
0.240513
0.472108
1.23586
0.317837
0.925515
0.233131
0.876518
1.28119
0.92862
1.33329
0.768441
0.709587
1.63697
0.978816
1.37918
1.89188
0.582617
0.266204
1.20425
1.15485
1.74859
0.933309
1.0124
1.36807
1.17505
0.629449
0.245946
0.662298
0.801105
1.35965
1.00607
0.355438
1.00213
1.1629
0.933799
0.665454
0.197306
1.09235
0.188346
0.50342
1.03206
0.594662
1.6269
0.618185
0.753284
1.2272
1.17227
1.03451
1.20904
1.32547
0.720911
0.556871
1.19361
0.908493
1.08241
0.649817
0.332474
0.970409
0.52751
0.815985
1.2926
1.3134
0.457563
0.844254
0.132086
0.822953
1.5527
0.66099
1.27829
0.864677
0.708105
1.60512
0.747568
1.45343
0.707492
0.794325
0.200273
0.470603
0.895868
0.402798
1.01346
1.18839
1.04065
0.912544
0.205012
0.883478
1.14976
0.641299
0.383463
1.24004
0.303264
0.80267
0.230189
1.17404
0.349489
0.867564
0.889555
0.914778
0.383744
0.607459
0.245399
1.05059
0.507798
1.64162
1.40353
1.14839
1.04815
0.866125
1.96259
1.73752
1.40577
0.552651
0.53338
0.759595
0.254663
0.482862
0.73899
1.27217
1.29115
0.889795
0.540982
0.452371
1.26322
0.791398
0.789677
0.552038
1.56205
0.722306
1.05
0.892872
0.229109
0.438204
0.156524
0.686396
1.01882
1.02632
0.466738
0.932256
1.32854
0.626241
0.764308
0.506386
0.537131
0.805384
1.09581
0.124879
0.611776
1.07847
0.907778
1.32739
1.79127
1.05359
0.349551
0.637409
0.998931
0.53309
0.889481
0.52814
0.214188
1.11162
1.64875
0.492235
1.86963
1.06223
1.5536
1.44383
0.339492
0.494984
0.988215
1.89931
1.51406
0.988684
0.361901
0.39007
0.783256
0.835679
1.1367
1.07723
0.364982
0.481563
1.11472
1.39301
1.1015
1.26943
1.75795
1.13725
1.59124
0.953564
0.449888
0.30041
0.733603
0.293491
0.597285
0.935177
1.09063
0.750449
0.280372
0.761813
0.579467
1.18576
0.972474
1.19217
1.16371
0.459227
0.712101
1.53393
1.11263
1.84556
1.15694
1.02857
0.204887
1.56606
0.432264
1.57471
2.0794
0.59438
0.655725
0.710044
0.811083
0.675332
1.37549
1.25795
1.06177
0.679335
0.45785
0.383758
1.81228
1.22842
0.737822
0.40991
0.718305
0.791725
0.842298
0.930822
0.140017
1.0385
1.70601
0.634331
1.12309
0.614919
1.34471
1.26221
1.01349
1.31705
1.18074
1.42828
0.530756
1.11699
1.92033
0.985
0.329915
0.228987
0.811066
0.666102
1.37305
0.511606
0.759951
0.759747
1.4731
1.66814
0.857951
0.894369
0.794874
0.571578
0.738095
1.06944
1.42433
0.714253
1.12201
0.762872
0.819807
0.474522
0.166441
0.762167
1.67839
1.09447
1.00336
0.727406
1.48693
0.597152
0.865422
1.38689
1.07413
0.518624
0.183545
0.6286
0.669904
1.57603
0.728707
0.510323
0.647117
0.59929
0.498679
0.222448
0.588341
1.45557
1.11532
0.767559
0.577893
1.12873
1.16484
1.10054
1.79627
1.61891
0.863529
1.17869
0.475806
0.675922
0.060943
2.09383
1.40957
1.29082
1.6437
0.754965
0.95415
1.53908
1.59448
1.06297
0.285847
0.757622
0.123487
0.995943
1.39426
0.841808
0.655292
1.1398
0.463797
0.647516
0.52644
0.688851
0.998003
0.977811
1.14751
0.507083
0.878737
1.43195
0.946582
0.779649
0.939266
0.684622
0.392752
0.91647
1.16294
1.34755
0.516594
0.787449
0.401341
0.84094
0.527109
0.813571
0.222557
0.78091
0.568425
1.36727
0.803942
0.882276
1.44742
0.550347
0.842278
0.610701
0.687149
1.11186
1.47574
1.27804
1.03366
1.01665
0.531135
1.0863
0.919319
0.725209
0.97487
0.655529
0.561162
0.263095
1.03097
2.16015
1.80359
1.13164
0.319135
0.393319
0.486279
0.670971
0.956865
1.18813
0.618055
0.378439
0.86724
0.226199
1.04983
1.00049
1.20777
0.816502
1.4832
0.490642
0.691722
0.717388
1.16889
0.664304
1.53662
1.10055
0.074867
0.881553
0.753449
0.963048
0.86288
0.667719
0.53431
1.18525
0.49921
0.450421
1.25565
0.943265
1.13581
1.10855
0.828528
1.04802
0.374347
1.57337
0.297307
0.757044
1.04683
0.745121
0.108696
0.90658
0.367917
0.298331
0.811222
0.912055
0.94069
0.727923
0.545578
0.452419
1.23425
0.466864
0.878041
1.37221
1.1791
0.877962
0.285721
1.27467
1.36151
1.62836
1.60384
0.880724
0.762802
0.236793
0.503488
1.27581
1.3317
1.47265
1.80316
1.19122
1.48194
1.40009
0.387662
0.988055
0.638659
1.05974
1.05161
0.389915
0.388414
0.440093
1.16748
1.35075
0.835073
0.637431
0.849431
0.655339
0.409579
0.964245
1.35137
0.98724
1.35291
0.198445
1.76805
1.03777
0.589919
1.2676
0.983817
0.786671
0.547811
0.753588
0.107713
1.18241
1.57467
0.289976
0.323821
0.873545
1.21982
0.760747
0.753095
0.693476
0.614105
0.96617
0.510294
0.751336
1.84658
0.930199
1.16933
0.382331
0.743893
0.576667
1.61997
1.5847
1.95804
0.955777
1.00622
0.948602
2.02783
1.68356
0.847641
0.964743
0.685382
0.785518
0.586471
1.49868
1.6515
1.47614
0.552847
0.982731
0.558426
0.925091
0.587994
1.28401
1.0598
0.469998
0.265907
0.230535
1.14468
1.24031
1.42369
1.90531
0.820497
0.526846
0.581874
0.900615
0.55476
1.46885
2.1549
0.546395
0.608285
1.18484
0.782197
1.4738
1.19655
1.14433
0.479752
1.12701
1.05559
1.34298
1.07669
1.53665
1.22157
0.53214
0.494756
0.617766
0.630467
1.16463
0.620724
0.880168
0.467759
0.34592
0.977344
1.21943
1.36847
1.3939
1.2181
1.06163
1.39464
0.808132
1.15424
1.06107
0.567988
0.615447
0.600029
0.263358
0.594722
1.07718
0.96764
0.561015
1.34912
0.830536
0.641945
0.885671
1.19438
0.540875
0.416821
0.657381
1.23218
1.85962
0.249142
0.93223
1.34784
0.844564
1.05799
0.965096
0.46926
1.04941
1.28926
1.2589
1.24978
0.863648
1.6476
0.568507
0.715523
1.55191
1.26723
0.204765
0.523466
0.392916
1.77307
0.996101
1.0613
0.503527
0.547742
0.0878914
1.2463
0.769768
0.722806
0.304105
0.682386
0.135819
0.507763
0.757096
1.10649
1.05558
0.0436392
1.1706
0.870694
1.0643
0.0610174
1.07484
0.456988
0.699238
0.74526
0.721954
0.240094
0.555234
0.379198
0.850198
0.589647
0.283604
1.24125
1.16707
1.29425
0.738643
1.47818
0.884643
1.32893
1.18784
1.31201
0.723185
0.33544
1.11272
0.428273
1.00467
1.84329
0.645174
0.510498
0.691578
1.02701
0.71169
0.343549
0.568212
0.890994
0.895923
1.17391
0.99245
1.01716
1.17707
0.511039
0.440015
0.476914
1.8089
1.06902
0.552349
0.622398
1.0753
1.27141
0.574583
0.633238
0.618623
1.05867
0.646299
0.610129
1.11836
0.595973
0.869987
1.07914
1.75172
1.07246
1.30288
0.18389
0.404707
0.540005
0.502234
0.981286
0.843849
1.61522
1.06421
0.774526
1.12836
0.696001
1.38318
1.44669
0.468697
0.998638
0.654048
0.579307
1.02286
1.85927
1.38085
0.719979
0.727464
0.256843
1.01304
1.17596
1.20448
0.542066
0.328838
1.29013
0.833112
1.54754
0.415332
0.704256
1.03123
0.227019
0.603541
0.95568
1.18418
1.29812
1.26208
0.753904
1.35042
0.757196
0.625327
0.903002
1.63979
1.11887
1.227
0.931875
1.33214
1.05621
0.909351
1.61852
1.37405
1.09631
1.13515
0.123057
0.839237
1.17952
0.298645
0.623113
0.158883
0.218328
1.35645
1.5762
1.19469
1.5914
0.31132
0.609558
0.861593
0.228599
1.26425
0.964436
2.15121
0.447133
0.701044
0.322037
0.92619
1.11052
1.93529
1.12339
0.785635
0.948152
0.246062
1.02591
1.4719
0.658655
0.804127
0.258792
0.517211
0.989943
0.99968
1.03034
0.246156
1.45219
1.33125
0.772082
0.483523
0.434078
0.922254
1.11172
1.77673
1.43905
1.53747
0.64808
0.706413
1.49589
1.33514
0.800329
1.05297
0.228962
0.960067
1.60436
2.05987
1.50097
1.90204
1.06976
0.679044
0.303766
0.315366
0.538838
0.694928
1.03828
0.33713
1.29979
0.693274
1.01349
0.518865
1.42224
1.41253
1.25916
0.727061
0.424029
0.692539
0.875419
0.585653
0.718051
1.08678
0.922223
0.953816
1.08857
0.248011
1.2128
0.635419
0.787477
0.820002
1.21338
0.505927
1.01464
1.16337
0.789472
0.793358
1.01026
0.796504
1.14902
1.49346
0.340286
1.03359
1.53539
1.6636
0.532964
0.436097
0.914976
1.34198
1.13952
0.432943
0.787135
1.53532
0.719193
1.16643
0.815251
0.351964
0.412381
0.824016
1.27551
0.951506
1.20544
0.971692
0.912207
0.623515
1.03841
1.05408
0.177212
1.03112
0.26752
1.17526
1.25759
0.106205
0.397895
1.18433
1.71048
0.99344
0.316613
0.524898
0.651719
1.31548
1.08333
0.986213
0.795267
0.559491
1.2401
0.741265
1.05008
1.24969
1.29749
1.20777
0.29777
0.750065
0.671792
0.682942
0.912444
1.34189
0.492004
0.868952
0.523019
0.863222
1.08769
1.23206
0.530525
0.802589
0.511241
0.687653
0.27826
0.509299
0.995822
0.555194
1.21687
0.890853
0.891879
0.651245
0.584483
1.24891
1.97977
0.610805
1.2052
0.337347
0.653273
0.915616
1.2778
0.924087
1.47526
1.22692
1.22363
0.939182
0.728768
1.49945
0.854687
1.534
0.563579
0.389125
0.936179
1.04178
0.941832
0.97199
1.86141
1.47991
0.452252
1.08453
0.753268
0.670467
0.907712
0.825343
0.903686
0.494318
0.983591
0.493984
1.21251
0.439244
0.686941
0.680781
0.505902
1.51306
1.42697
0.778388
0.324315
0.771844
0.488123
0.405016
1.41846
2.05835
0.611528
0.365451
0.543365
0.241994
0.757015
0.393112
0.585286
1.16872
0.833813
0.663716
0.921073
1.08904
0.627109
0.487344
1.23471
0.512311
0.273914
0.894824
1.1574
1.68462
1.72338
0.320921
0.285029
0.178211
0.708938
2.21296
1.11562
1.29819
2.01231
0.954479
0.554326
0.959452
0.961948
0.543019
1.21016
1.14266
0.179602
0.758096
1.09604
1.23157
0.832023
1.89796
0.354934
0.44881
0.641558
0.911318
0.908892
1.39906
0.540755
0.621102
1.67451
1.01532
0.466345
0.74986
0.884547
1.49062
1.83343
0.914825
1.12288
1.0053
1.18611
0.336438
0.611529
1.01815
1.0442
1.14502
0.813436
0.435339
1.34982
0.205089
0.552346
1.38344
0.971499
0.914872
0.929143
1.55347
0.963089
0.64356
0.79815
0.407353
0.33617
0.743441
1.04429
1.28497
0.542523
1.17472
1.12594
0.898809
1.06289
1.25744
0.807982
0.925458
1.83292
0.802266
0.47653
0.408295
0.762556
0.596123
0.839739
1.06198
1.05359
1.20365
1.07688
0.827919
0.899765
1.38664
0.494754
1.59679
1.18891
0.569174
0.580717
1.01551
1.42718
1.9471
1.25763
0.402713
1.30785
1.24324
0.9196
0.709138
0.181343
1.16003
1.24347
1.31812
1.75496
0.660811
1.01494
0.684406
0.959394
1.14032
1.12662
0.907169
1.14058
0.250472
0.635523
1.02918
0.709671
0.830983
0.353835
1.93479
0.801172
0.196321
0.951102
0.557784
0.298128
0.781654
1.17598
1.30184
0.461344
0.499482
0.861773
0.871776
0.828104
0.658221
0.456398
0.404722
1.04322
0.388244
0.84411
1.73022
1.15706
1.37201
0.227394
0.157688
1.02328
0.758583
0.923639
1.9981
2.32401
0.852016
0.461541
0.780094
1.4268
1.8046
1.57251
0.688367
0.111278
0.511396
1.19623
0.877193
1.73447
1.25716
0.736501
0.800441
0.258579
1.41865
1.85483
1.26199
1.13186
0.410771
1.02014
0.840066
1.51391
0.789126
0.667487
0.376972
0.864474
0.426733
0.392877
0.953938
0.659936
0.94962
0.832814
1.00006
0.855326
0.417243
1.58762
1.08699
0.854392
0.607671
0.226512
0.385819
0.874497
2.16056
0.195448
1.1834
0.443054
0.719401
1.03233
0.956854
0.848142
0.788438
0.796864
0.653442
0.898374
1.21757
0.86054
1.0387
1.27462
0.763345
0.0569108
0.0918951
0.797814
0.820706
1.47063
0.817116
0.215771
0.41459
0.643311
0.335552
1.06002
1.64801
0.486776
0.125891
0.864014
0.603557
0.602178
1.2463
0.399399
1.25233
0.518039
0.792931
1.55789
1.8941
0.547672
0.663283
1.48792
1.27298
0.57036
0.727182
0.941841
1.06761
0.836315
1.92412
1.48874
0.774671
0.6772
0.829317
0.582023
0.467546
0.728116
0.562483
0.365074
0.444687
0.909358
0.849805
0.345333
1.15074
0.653934
0.838763
0.348973
1.42318
2.01991
0.316241
1.0923
0.145817
0.531945
0.427231
1.03399
0.989783
0.57674
0.0658492
0.930815
0.920465
0.705033
1.40077
0.593836
0.573578
0.727276
0.373454
1.36057
0.611235
0.135953
0.494434
0.783371
0.963452
0.966723
1.17544
1.68461
1.43618
0.0931125
0.302432
0.639439
1.3434
1.77198
0.818813
1.53362
1.62076
1.12906
0.870798
1.03175
1.53854
0.856078
0.882902
0.975474
0.870032
0.392124
0.788374
1.25603
0.758769
1.31262
0.841132
0.490312
0.876477
0.617982
1.09898
0.520136
0.0609509
1.41391
0.925913
1.33462
0.683275
0.92447
0.982867
0.540087
0.794513
1.6198
0.556688
0.490469
1.27836
0.266811
0.370226
1.41
1.52036
1.12095
1.75554
1.03932
1.14731
0.195437
0.23325
1.33894
1.62784
1.01192
0.922923
0.738558
1.3453
0.988836
1.10211
0.732122
0.855918
0.177168
0.961575
0.440899
1.45456
1.49425
1.39126
1.08019
0.346408
0.995282
1.07597
2.09507
1.58282
1.52859
0.713935
0.293488
1.02773
0.461713
0.667353
0.487895
1.18807
0.353421
0.751806
1.36955
1.09545
1.58716
1.1456
0.938481
1.18532
1.10482
0.929892
1.2918
0.746127
1.37253
0.734929
1.21074
0.446284
1.10874
0.815844
0.0542574
0.689349
1.13697
1.20166
1.54632
1.66532
1.37065
1.10589
0.448139
1.08187
0.943734
1.30477
0.557627
1.14662
1.4306
1.06352
1.22011
0.560212
0.860515
0.251043
1.16324
1.29788
0.692663
0.913524
0.51222
0.554666
0.680775
0.95783
0.94838
1.13771
0.183737
0.780838
1.42484
0.223752
1.01945
0.550817
0.724009
1.00878
0.136641
1.19834
0.543921
1.28577
0.965646
0.333447
0.4308
0.933304
1.68944
1.08112
1.66928
1.18537
1.65012
1.18626
0.693633
0.866169
0.901758
0.968221
0.293899
1.0467
0.448845
0.370934
0.303279
1.70001
1.63354
1.76549
0.380652
0.0861364
0.533686
1.06596
0.789404
1.04017
0.66002
0.534249
1.10086
0.488461
0.642497
0.992642
0.0891591
1.60453
0.83358
0.328164
0.91988
0.417238
1.02828
1.1264
0.437453
1.18497
1.06246
0.302442
0.996003
0.575037
0.746929
0.680233
1.0743
0.857068
1.06281
0.803852
0.494665
0.335581
1.33138
0.628433
1.10824
1.10675
1.00864
1.49975
0.811702
0.676528
1.46275
1.2972
1.80025
0.270927
0.635574
0.528101
1.31176
1.24613
1.09923
0.992459
0.187114
0.311212
0.163143
1.20918
0.39527
0.286106
1.02502
1.48744
0.909998
0.85526
1.34209
0.259772
0.805057
0.642825
0.945967
0.682617
0.344397
0.784693
1.56038
1.12465
0.511098
0.807884
1.28258
1.18902
1.71773
1.03981
0.677901
0.16525
1.05552
0.853825
1.58873
0.481089
0.71263
0.573143
0.841038
1.2899
0.850751
0.350088
1.07694
0.208381
1.30159
0.375832
0.858259
1.37895
0.405856
0.95755
1.1759
1.04581
1.23181
0.991581
0.543211
1.12357
0.935831
0.163862
0.316981
0.942418
0.620577
1.22822
0.397671
0.877027
0.302526
1.20455
0.699409
1.19944
1.46787
1.18207
0.402257
1.06156
0.183705
1.33745
1.27883
1.01183
0.419298
1.34038
1.30801
0.662096
0.707393
0.648746
0.639706
1.19346
0.481933
1.48514
1.68199
1.69374
0.905217
0.749608
2.03635
0.855628
0.608633
0.255878
0.7535
0.687366
1.26641
0.313167
1.07469
1.48479
1.04242
1.15527
0.767551
0.170827
0.616144
0.546088
0.741003
0.695495
1.37165
0.397642
0.745348
1.37943
1.50878
0.967453
0.31872
0.542294
0.854556
0.764396
0.894474
0.481455
0.470157
0.499208
0.228725
1.44091
0.425622
0.877217
1.37166
1.12007
1.58394
0.841114
1.18665
0.833015
1.91586
0.908537
0.714681
1.01998
1.02398
0.753629
1.33166
0.227075
0.894228
0.963862
1.78647
1.31803
2.01394
0.975178
0.333648
0.889768
0.906558
1.22191
1.08987
1.89413
0.554695
1.02822
1.09662
0.934129
1.19872
0.498219
0.981471
1.24456
0.342785
1.1749
1.145
1.46667
0.877936
0.802218
1.55826
1.42413
0.945221
1.06842
1.22816
0.708757
0.532664
1.07158
0.571496
1.53389
0.807526
0.978473
0.0872346
1.08091
0.529704
0.571322
0.73885
1.29709
1.3983
0.479827
0.455326
1.49491
1.62741
1.18817
0.769704
0.844876
1.29198
0.481978
0.846165
1.04732
1.08422
0.244627
0.488877
1.27494
1.25222
0.831904
0.894868
0.343566
1.18325
0.944427
0.93091
0.751499
0.773089
0.882593
0.75552
0.606623
0.182159
0.708675
0.651575
1.04165
1.55761
1.75651
0.986135
0.334294
0.549015
1.82158
1.90452
1.2209
0.918344
0.64952
1.19282
2.17786
1.28286
0.987092
1.30946
0.483111
0.825543
0.499719
1.29561
0.718429
0.31533
0.514473
0.298983
0.748159
1.56479
1.17372
0.742356
1.0599
0.628732
0.0927663
1.2735
0.488192
1.34213
0.823303
0.545865
0.456335
0.774643
0.724131
0.0701419
0.938576
0.851612
0.368335
0.534484
1.1099
0.571538
0.864876
0.784839
1.40307
1.10078
0.16914
0.622447
0.414166
0.729517
0.928819
0.952863
0.835475
0.741503
1.42333
0.619294
0.424923
0.539893
1.34263
1.22059
0.52845
0.668861
0.855233
0.654648
1.72364
1.76964
1.39801
0.324939
0.307779
0.634079
1.54823
0.436555
1.31857
1.30489
1.0241
0.352036
1.55119
0.66682
0.516741
0.683597
0.564596
1.01683
0.869411
0.810046
0.999857
1.46738
0.503495
0.850817
0.92123
0.657845
0.820194
0.68111
0.665938
0.337906
0.504351
1.28037
0.69992
1.09178
1.50496
0.349542
1.3038
1.21202
0.268877
0.962862
1.35296
1.21251
0.93431
0.291334
0.228099
1.04238
0.599065
0.620072
0.926687
0.53777
0.514887
0.643793
1.77629
0.776843
1.19545
1.24681
0.583629
1.04862
0.731515
0.937197
0.688622
1.54651
1.05173
0.959733
0.446039
0.277361
1.21823
0.739393
0.651687
1.40978
0.368407
1.17993
0.798234
0.866349
1.6824
1.18537
0.193638
1.04488
0.599081
1.80859
0.802647
1.05535
0.783951
0.635021
0.711072
1.44712
1.30404
0.736153
0.725187
0.769197
0.873464
1.23286
1.45783
1.80642
1.76026
0.548542
0.880938
1.94306
1.87616
1.15005
1.11403
0.877737
0.448983
0.630819
0.308333
1.07549
1.36315
0.811027
0.759879
0.685137
0.730656
0.649603
1.57463
0.870526
1.26467
0.941272
1.07999
0.677426
0.985871
0.964145
0.987371
0.792423
0.377339
0.0589635
0.582651
0.838796
1.44347
0.521819
0.702274
0.190072
0.598407
0.765073
0.668662
1.70099
0.809635
1.62036
0.698298
0.917484
1.27681
1.3618
1.60474
1.19152
0.837601
0.680024
1.06904
0.979314
1.01976
1.175
1.87415
0.763248
1.28918
1.38235
1.0328
1.00315
1.2396
0.738267
0.182422
1.48253
1.24434
1.36358
0.480041
0.386048
0.676235
0.275868
0.708904
1.40706
1.29143
1.54235
0.350267
0.834461
0.731353
1.10781
1.75034
2.25963
0.746459
0.830749
0.955769
0.383622
0.204495
0.626416
0.966831
0.979223
0.562347
0.89974
0.378945
0.244468
1.18006
1.60178
0.790806
0.857867
0.0438729
0.633942
0.251382
1.06857
1.51988
1.13564
0.88502
1.5746
0.0729596
0.972486
1.24419
1.41095
2.04963
0.628306
0.752679
0.538154
1.13019
1.52241
1.862
0.645895
0.573488
0.445194
0.278892
0.694319
1.54446
1.56299
0.899598
0.34665
0.399936
0.847383
0.252795
0.208915
0.73493
0.381976
1.25052
0.913717
0.953566
1.16101
1.14171
1.50017
1.30905
0.605611
1.37583
1.51514
1.37722
0.559055
0.620135
1.58556
0.670799
0.294885
1.10285
0.565588
0.128925
0.419139
0.226734
0.715971
1.46054
1.91368
1.68072
0.174318
0.458909
0.593042
0.0948026
1.13851
0.604891
0.556723
0.624816
0.57853
1.10657
0.62691
0.495561
0.394058
1.4525
0.809052
0.431606
0.510836
0.706944
1.19773
0.951358
0.912195
0.432648
0.758169
0.489776
0.813054
1.31787
1.79999
0.704976
0.287122
0.809789
1.12531
0.877293
0.734058
0.273767
0.65565
1.42061
0.61227
0.998627
1.12166
1.51652
0.428774
1.47267
1.44574
0.200273
0.976958
0.256205
0.86991
0.782496
0.936135
1.42485
0.59439
1.06154
1.02297
0.334221
1.26051
1.11089
1.44559
0.204652
0.882787
0.66872
0.561032
0.76747
1.24124
1.47821
1.11331
1.1163
0.233226
0.709677
0.397146
0.565155
0.565539
1.45851
0.335056
0.638037
0.733984
1.57011
0.86828
1.32719
0.899128
1.31821
0.352371
0.054814
0.967773
1.02202
1.13491
1.06449
0.510083
0.969473
0.530436
1.00315
0.4264
0.420076
1.91141
1.71342
0.421895
0.605731
0.824203
1.10989
1.69981
0.817828
0.723437
0.789849
0.97197
0.802129
0.141836
0.906125
1.2676
0.423973
0.687273
0.984348
0.748912
0.935551
0.35335
0.774651
1.58245
1.72091
0.767955
0.602479
0.693049
1.44021
1.50224
0.416317
0.609613
1.29381
0.724772
0.92871
0.956046
1.30083
0.385466
0.894583
1.95434
0.957725
1.02929
0.419504
0.469313
0.917597
0.374782
1.67419
1.3101
1.00074
1.27044
0.641331
0.483536
0.603825
1.61588
0.719162
0.982645
1.06916
0.112841
1.70374
0.826557
1.77024
0.96828
0.77306
1.03033
0.23345
1.50304
1.33177
1.17715
0.683439
1.31986
1.05428
0.329004
0.335874
0.602358
0.917267
1.7966
1.17257
0.694146
0.328587
0.550743
0.926682
1.47717
1.45038
1.39417
1.17058
1.34397
0.911948
0.469304
1.41166
0.879447
1.78871
0.409369
0.862467
0.259669
0.745053
1.29484
2.07206
0.968423
0.749493
1.01801
1.8519
1.20554
0.911133
1.41078
0.808553
0.317795
0.669766
0.650277
0.334539
0.849222
0.834266
1.11444
1.26718
0.539687
0.769843
1.1458
1.3457
0.779377
0.67689
0.758661
1.15686
1.0299
1.27524
1.03519
1.3175
0.887547
0.577788
0.718183
0.365698
0.665883
0.678895
0.902884
1.80055
1.39111
0.553727
0.618765
0.228657
0.718538
0.423289
0.661128
1.24519
0.895983
1.42519
1.05411
0.555579
0.797737
1.17898
0.683033
0.533619
1.05405
1.11221
1.12004
1.40588
1.23764
1.2161
0.575324
1.28328
1.58651
0.790523
1.0567
0.563895
1.37051
0.390574
1.08582
1.65191
0.844611
0.620421
0.609376
0.529489
0.413891
0.795139
0.711572
0.407566
0.6671
0.30389
1.01988
0.559582
1.35069
0.823843
1.95591
1.54473
0.783501
0.603711
0.794707
1.26263
0.71149
1.12815
0.816722
0.614824
1.27424
0.641621
0.528625
0.830753
0.129683
0.734434
0.366319
0.253333
0.827806
1.29286
1.33772
1.53903
0.967144
0.468724
0.817988
0.513743
0.827586
1.38484
0.745812
0.743283
0.522966
0.536276
0.766971
0.437802
1.54207
1.03486
1.0809
0.801087
0.415957
0.386247
0.638806
1.11913
0.823814
0.330476
0.571957
0.28656
1.3273
0.963963
0.307215
1.30738
0.165116
1.11257
0.86872
1.00415
0.751482
1.05574
1.58243
0.927874
1.64414
0.527537
0.880951
1.05329
1.93586
1.04877
0.948123
0.484183
0.992975
0.927472
1.25956
1.17453
0.758371
0.448348
0.986989
0.668237
1.05243
1.61776
0.688027
0.813389
0.163547
0.525655
1.21891
1.19106
0.682489
1.52937
0.805004
0.291546
0.733908
0.734292
0.565318
0.850955
0.751813
0.407247
0.229152
0.340455
1.45759
0.78262
0.72788
0.442202
1.36572
0.269234
0.373375
0.380173
1.48123
0.781906
0.632516
0.221823
0.332987
0.352008
1.52514
0.73157
1.20665
0.723597
1.6293
2.01163
0.866641
0.889315
1.0814
1.39997
1.16543
1.45851
0.899448
0.586402
1.04591
1.47867
0.755325
1.04326
0.9513
0.259806
0.369872
1.80589
1.30456
1.1412
0.308744
0.314287
0.860409
1.32736
1.05066
1.46545
1.32777
0.307128
0.865844
1.14938
1.74472
1.15197
0.876714
0.671242
0.658484
1.19651
1.04106
0.91831
1.02254
1.28492
0.796332
0.476281
0.276443
0.207188
0.837727
1.06169
1.27479
1.74883
0.908671
0.462863
0.411039
1.20517
0.346578
0.740805
1.08061
0.946552
0.661751
1.54333
1.34009
0.759269
1.06337
1.16256
1.37012
0.415658
1.15287
1.22931
0.878484
1.33639
1.65215
0.365167
0.215271
0.475045
0.79737
1.46669
0.7771
1.61459
0.527441
0.972005
0.158416
1.56083
0.415566
0.801748
1.08502
0.965511
0.956506
1.38346
1.23041
0.946793
0.444878
0.657768
1.59205
1.39146
1.4525
0.208151
1.33971
1.24185
1.48713
1.31242
0.880329
0.978747
1.3972
0.70669
1.45673
0.704466
1.41793
0.728452
0.774059
0.422755
0.666054
0.215218
0.490695
1.10836
0.508604
1.23687
0.602467
1.14982
0.718397
0.73961
1.3947
0.467017
0.265744
0.863084
1.79374
1.08838
0.6604
0.36199
0.128817
0.905941
0.977558
1.47009
0.404865
1.05612
1.04791
0.57578
0.757015
1.16175
0.706922
1.04286
0.49874
0.804855
1.65248
0.642753
0.675968
1.22356
0.727314
1.05619
0.735631
0.744765
1.27889
1.41598
1.01078
1.22163
0.61626
1.04873
0.456983
0.309941
1.97536
0.656617
0.97303
0.658207
0.525326
1.15043
1.25706
1.344
1.58622
1.42237
0.825541
0.336382
0.254892
0.362865
1.04272
1.01763
0.671651
0.769376
0.327825
1.02858
0.419267
1.12687
2.00069
1.48838
0.694582
1.09624
0.113047
0.870313
0.161823
1.06122
0.940297
1.14311
0.242306
0.891731
0.418464
0.794021
0.645801
0.872625
0.805801
0.594007
1.00272
1.07827
0.964172
1.18081
1.07805
0.591489
0.44021
0.256701
1.71099
0.76607
1.16806
1.41674
1.47601
0.19397
0.51363
1.11772
1.48022
1.28734
1.4374
0.518534
0.155976
0.752884
0.986625
0.365537
0.740732
0.399893
0.6529
0.992424
1.12163
1.71844
0.545764
1.05655
0.332988
0.77042
0.981534
0.665741
1.76136
0.600805
1.042
0.527175
0.79442
0.508208
0.857495
1.91785
0.967165
0.381082
0.278656
0.544436
1.07512
1.02762
1.12721
0.733722
1.62664
0.46157
1.02475
1.41915
1.45776
1.80508
1.01038
0.347638
1.00779
0.776827
1.35819
0.984558
1.29275
0.629029
0.208843
0.500788
0.948468
1.00489
0.665362
1.10363
1.03482
0.51824
0.276034
1.35213
1.15228
0.767536
0.754751
0.107125
0.550398
0.605588
0.287818
1.24075
0.916734
1.85989
0.325225
0.845861
0.559425
0.774525
0.578145
1.40356
0.979263
1.59558
0.991443
0.898768
1.78133
1.36984
0.199805
0.584027
1.02265
1.37308
1.12698
0.319247
1.10035
1.37183
0.138068
1.80738
1.61374
0.284043
0.798386
0.601337
0.710524
0.476666
0.688507
0.816685
0.899778
0.498198
1.64261
0.444483
0.573818
0.604563
1.62237
1.14696
0.257046
0.69893
0.668668
0.432383
1.10458
1.78758
1.52868
0.465965
1.41331
0.926518
0.754595
0.515549
0.580709
0.884089
0.540615
0.915009
0.646908
0.454992
1.40413
1.02793
1.7679
0.687793
0.316961
0.763358
1.02209
0.666987
0.61234
1.4224
1.32289
1.28363
0.557763
0.598161
1.18098
1.1517
1.86358
1.29777
1.05382
1.20859
0.90727
1.09139
0.791567
1.17948
0.599777
0.747825
1.05416
1.10025
0.269323
0.423024
0.682029
0.957178
1.3783
1.14206
1.5225
0.698954
0.698806
0.787747
1.0149
0.30255
0.769384
0.956797
1.97193
1.44895
1.22848
0.606079
0.643016
2.00634
1.60141
0.405635
0.428003
0.687852
0.617678
0.955025
1.45884
1.5604
0.480538
0.358577
0.842888
1.27819
0.711756
1.82024
0.945248
1.47959
0.70277
1.13163
1.1738
1.19337
1.37473
0.904276
0.446763
0.349141
0.285282
1.12753
1.55829
1.30125
1.20935
0.540223
0.294226
0.867967
1.25258
1.27123
2.19822
1.22593
0.775245
0.474145
0.702717
0.875271
1.04935
0.555681
1.62234
1.09134
1.10788
0.909761
1.32164
0.762167
0.714951
0.093463
1.16265
1.10489
1.11275
1.30313
1.12316
1.35195
1.09661
0.806747
0.514286
1.46197
1.32894
0.745837
0.849661
0.555748
0.75712
0.462354
0.961698
1.48999
1.05294
0.301983
0.3558
0.67743
1.03577
1.27416
0.887932
0.977958
1.07305
0.554476
1.55251
0.86321
1.7096
0.247554
0.322722
0.55337
0.198279
0.255868
0.115971
0.789498
0.495515
0.89772
0.605803
0.572339
0.820721
1.10391
1.50056
0.57936
0.723693
0.841968
0.765947
1.63267
1.10498
1.08499
1.06453
0.81093
1.1308
0.935733
0.267232
0.894136
1.26218
1.28905
1.27272
1.85097
0.858879
0.470029
0.310687
0.528864
0.896699
1.66593
0.525075
0.231279
0.594681
1.27773
0.284512
1.02752
1.17848
0.387121
0.447331
0.494642
0.358404
0.875299
0.950441
1.07188
0.606205
1.01425
1.01871
1.38185
1.11129
0.546027
0.696305
1.9546
0.514031
0.532367
0.614032
0.518323
1.03815
1.08169
0.888825
1.07806
0.522587
0.452114
0.529686
0.673436
0.281739
1.02906
0.892411
0.362468
1.37714
0.581334
1.01044
0.44757
1.59517
0.769392
1.15396
0.793558
0.671649
1.04406
1.32652
1.40485
0.974334
0.455274
0.725765
1.24765
1.09712
0.996279
0.747612
0.448505
0.363031
0.426537
1.45748
1.18182
0.45968
1.07583
0.587791
0.834287
0.974575
0.7411
0.402183
0.974168
1.46332
0.676973
1.25299
0.838258
1.48119
1.27683
0.602136
1.1838
1.03625
0.696222
0.424251
0.957908
2.28316
0.595346
1.42799
1.24611
0.791611
1.2426
1.43728
1.47307
1.43704
0.966291
1.02956
0.647985
1.14756
0.663825
0.431031
0.150968
0.228548
0.717454
1.01059
1.43002
1.22207
1.7679
0.637259
1.03146
0.64229
1.78199
0.633463
0.96867
0.452813
0.874048
1.03985
0.764938
0.660403
1.34807
0.716101
0.619795
0.245187
0.614963
1.75622
1.57264
1.51186
0.718404
0.971373
1.34435
0.95234
1.15424
0.615787
1.18289
1.22603
0.770344
1.04018
1.45091
2.10001
0.532446
0.854707
0.757711
1.16207
1.08326
0.86996
1.3572
1.03301
2.03165
0.632032
0.60938
1.25436
0.641037
1.52603
0.688694
1.17969
0.824587
0.716319
1.17598
1.19686
0.714505
0.933586
0.237456
1.61066
0.467709
0.359602
0.815666
0.732011
0.897845
1.02935
1.17244
0.560473
1.35573
1.4795
1.57557
0.263296
0.506791
0.3685
0.282499
0.978895
0.899956
0.223347
0.744076
1.02112
1.30898
1.87761
0.613543
0.732128
1.30591
0.807947
0.60361
1.21266
0.95176
1.14937
0.958444
0.867419
1.08512
0.694485
0.331385
0.991665
0.922454
0.60706
0.255946
0.964867
1.00552
1.13915
1.44113
0.489462
0.913258
0.286133
1.77457
0.714427
1.3501
0.727845
0.716427
0.821014
0.379145
0.712128
1.04947
1.497
1.07774
0.40329
1.09494
0.738975
1.49248
0.65011
0.80307
1.02231
1.64539
0.495642
1.49035
1.07641
1.07249
1.01816
1.54784
1.0846
0.688492
1.0014
0.917277
0.559992
0.898595
0.151805
0.802153
0.922886
0.929104
1.258
0.477442
1.13754
0.927544
1.14981
0.358819
0.24193
1.48521
1.21072
0.300258
0.413434
1.13548
0.982384
0.251755
0.753417
0.630717
1.29353
0.440519
0.146801
0.141474
0.78242
0.655757
1.10815
0.86777
0.630226
0.680667
0.904334
0.365855
0.929582
1.22314
0.724665
0.363988
0.798875
0.663719
0.64769
1.02172
0.967297
0.843998
0.830476
1.5076
1.21828
1.7584
1.17116
1.76964
1.20693
1.00265
0.395144
0.536752
1.47839
0.737867
1.19792
0.569959
0.505353
0.359701
1.08532
1.13594
1.75307
0.818132
0.652956
0.465414
0.328313
0.708571
0.778944
1.16452
0.505555
0.719632
1.08681
0.625831
1.08289
0.579734
0.928466
1.49103
0.461784
0.532153
1.13653
1.09589
1.13081
0.73715
0.707815
1.12406
0.534228
0.00896461
0.725668
0.940657
0.182866
0.638006
0.464978
1.67752
1.30255
0.658629
0.833864
0.706881
0.453206
1.14713
1.12476
1.03542
1.11729
0.974888
0.367787
1.46797
1.54586
1.63647
0.318364
0.731931
0.871893
0.845994
0.989781
0.548473
1.15018
1.02318
0.445859
0.307884
0.954109
0.42252
1.23432
0.642872
1.60837
1.36426
0.585458
1.87587
1.24443
1.20559
1.16768
0.462134
0.742765
0.983917
0.469099
0.441604
1.36186
0.137544
1.38852
0.832176
1.15506
1.18865
0.981882
1.30935
0.730605
0.847559
0.980595
1.63037
0.818851
0.354165
0.494327
1.01561
1.62859
0.62512
0.477802
0.884649
0.668905
1.10257
1.48711
1.09797
0.799739
1.01708
0.863047
0.819867
1.13911
1.26001
0.741603
0.815222
1.27657
0.838537
0.590595
0.465071
1.35739
1.01376
1.47943
0.845167
1.04999
0.398874
1.02647
1.30179
1.01874
1.07704
0.373001
1.0943
1.93132
1.47386
1.25575
0.948985
0.363823
0.991574
1.06511
1.47278
0.924233
1.12958
0.38366
0.390044
0.871579
1.61627
0.764518
1.23272
1.49543
0.869945
0.569669
1.08274
1.58934
1.33044
0.289717
0.706773
0.504104
1.14133
0.758192
1.27663
1.44878
1.19099
0.711896
0.827553
0.201023
0.234882
0.794452
1.59428
0.291584
0.903568
0.348429
1.13874
0.869493
1.07241
2.05159
1.02554
0.954789
0.412242
0.784013
0.973383
1.4305
0.55791
0.989243
0.40464
0.83513
0.951415
0.628899
1.26884
1.82538
1.3504
1.16304
0.802414
1.22241
1.43419
0.970633
0.769213
0.978211
0.313561
0.776617
1.1194
0.449218
0.630807
0.293412
1.05141
1.05827
1.36075
1.38805
0.839973
0.616629
0.934077
0.671267
0.924902
1.42667
1.22883
0.610628
0.574594
0.629443
1.19727
0.671812
0.13117
1.56657
1.11206
0.593833
1.00447
0.462647
0.747214
1.08895
1.02858
2.13404
0.453838
0.65201
1.06231
0.127064
0.528484
0.711092
1.0397
1.19155
0.516259
0.927549
0.381775
0.292374
0.78174
0.752038
0.810057
0.450504
0.279834
0.295504
1.04769
1.28041
2.14663
0.452661
0.777336
0.797209
1.75051
0.978227
0.777512
0.878297
0.587426
0.0903991
0.404737
0.962134
1.09795
0.973745
1.39823
0.563153
0.834763
0.347164
0.546976
1.05626
1.06646
1.03163
1.08225
0.194419
0.656728
0.481663
0.604303
0.183412
0.91734
0.961391
1.15087
0.336618
0.871658
1.65282
1.23289
1.4197
0.794576
0.859949
1.47162
1.86317
1.51952
0.528849
0.39661
0.89653
0.523515
1.2821
0.689123
0.733486
0.172468
0.0630149
1.26634
0.542288
1.18053
1.41315
0.919134
0.411274
0.596983
0.455741
0.341933
0.926327
1.44681
1.02805
0.509331
0.775942
0.401281
0.903655
0.85219
0.755934
0.268417
0.0441133
0.478928
1.64556
0.912135
1.19903
0.434123
0.759757
1.40419
0.878625
1.50485
0.831376
1.37728
0.958596
1.13768
0.990692
1.20523
1.2474
1.00614
0.904475
0.747006
1.41146
1.38164
1.1897
1.06724
0.876011
0.695952
0.832574
1.79249
1.58732
0.586934
1.31667
0.299211
0.431628
0.838592
0.592353
1.25661
1.14253
0.414721
1.30214
0.660141
1.19933
1.00484
0.410065
0.862172
0.857502
1.11393
0.566924
1.10587
1.61946
1.96978
0.838574
0.807627
0.73778
0.312116
0.62288
1.30938
0.407718
1.29879
0.872513
1.07852
0.53965
0.980181
0.858567
1.5444
0.754133
1.08004
0.871122
1.21424
0.793585
1.06506
1.17236
1.04665
0.552513
0.443297
1.30887
1.22431
1.17822
0.150858
1.47355
1.06396
1.11061
0.955976
1.3063
1.43485
1.31436
0.639543
0.268671
1.0418
0.832704
0.523991
1.47422
0.621632
0.627844
0.31773
0.765813
2.13818
1.33911
1.27211
0.270137
0.288154
0.798249
1.96459
0.806158
1.01338
0.822385
1.53612
1.44139
0.965598
0.695016
0.987529
1.26048
0.819208
2.05018
0.440506
0.522943
0.420487
1.82556
1.21831
1.09334
0.688198
0.542555
0.174479
0.797768
1.98316
1.73118
0.856527
0.892597
0.171226
0.697835
1.03177
0.567676
0.614842
1.05304
0.913724
0.634122
0.342487
0.733466
1.63288
1.7235
1.24936
0.487358
1.20183
1.42462
0.917213
1.3839
0.739437
0.835626
0.362319
0.28295
0.135978
0.454453
0.580283
1.10947
0.635988
0.294897
0.561958
1.13069
1.37355
1.19135
1.4987
1.24526
1.02493
1.22188
1.54099
1.08475
0.835415
0.561633
1.53103
1.31787
1.39081
0.42174
0.55841
0.772319
0.356262
1.39892
0.674717
0.865828
1.70921
1.08725
0.806306
0.899709
0.335085
1.37556
1.10709
1.5216
0.861881
0.894127
0.388702
0.924612
0.837508
0.779373
0.216817
0.354612
0.996373
0.415401
0.585811
1.55783
1.13768
1.11272
1.15588
0.903111
0.660657
0.850055
0.944721
0.651633
0.964384
0.410361
0.615869
0.858505
0.50003
1.15151
1.11974
0.486804
0.478529
0.753362
0.947555
0.155047
1.42734
0.90376
0.232838
1.01319
0.568793
0.99594
1.13043
1.16236
0.229654
1.65528
0.643626
1.21652
0.806786
0.848261
0.288766
0.638872
1.68383
1.61478
1.36352
1.04675
0.467831
1.17037
0.51796
0.937554
1.48134
1.28526
1.03126
0.319371
0.324768
0.870845
0.257154
1.43587
0.234496
1.21421
0.632737
0.379804
0.482269
1.55714
1.18535
1.82359
1.83186
0.190279
0.447103
0.906945
0.674713
0.820427
1.34399
1.17866
0.515995
0.393024
0.438998
0.29093
1.21409
0.530297
0.696825
0.964205
1.19926
1.11465
1.27572
0.813815
1.02875
0.854441
0.418036
0.770237
0.961751
1.08331
0.701043
1.01005
0.783344
0.360665
0.412018
1.1209
1.33742
1.11346
0.765252
0.480479
0.750687
1.13967
0.473767
0.311366
1.13624
0.416407
0.999684
1.32548
1.6599
1.33049
0.582619
0.750344
1.00729
0.112818
1.07238
1.29137
0.98582
1.18588
1.30397
0.499805
0.944726
1.06878
1.60262
1.86017
1.30625
1.23194
0.555676
0.294701
0.993919
1.41001
1.21117
1.19589
1.28871
0.906774
0.227149
1.05841
1.58137
1.16871
0.852829
0.740733
0.802423
1.18165
1.12756
1.40441
1.77522
1.29442
0.830645
0.851603
0.463696
0.120848
0.809947
0.778103
0.92186
1.51267
0.309304
0.973865
0.826163
1.90341
1.17822
0.511703
0.616781
0.592927
0.924509
0.737833
0.361656
1.49815
0.449587
0.68797
0.754643
1.51307
0.674554
1.52182
1.49991
0.869728
0.434228
1.54128
0.755626
0.44839
1.211
0.829965
1.93748
0.979312
0.886663
0.788216
1.11245
0.268238
1.05758
0.658104
0.600594
1.06913
1.16608
0.50995
0.719216
0.343917
0.922534
0.337775
1.33716
1.62159
1.08417
1.11814
0.924341
1.45784
2.01481
1.74551
0.341369
0.504249
0.831293
0.798308
1.36576
1.07035
1.44887
0.941049
0.72993
0.577144
0.420688
0.319013
1.13406
1.01557
1.19731
0.635956
1.01091
0.973046
1.1211
0.478268
0.737548
0.537865
1.38263
0.927924
0.350271
1.66411
0.0365175
0.578055
1.15581
0.847277
0.855237
0.718449
1.57646
1.30884
0.698464
0.786513
0.75701
0.872218
0.654596
0.988601
0.246085
0.422336
1.26067
0.381305
1.4991
0.947785
0.870466
0.535509
0.868871
0.581203
1.22549
0.912109
2.09853
1.75232
1.2078
0.795143
0.55052
0.848452
0.369284
1.49309
0.805902
1.01455
0.65759
1.30513
0.476373
1.42153
1.38277
1.30542
0.985523
0.478145
1.02118
1.26478
1.074
1.59331
0.332337
0.475626
1.00405
0.971924
0.794899
1.34604
1.13935
0.644039
0.247678
0.301743
1.11235
0.918224
0.777553
0.244009
0.430936
0.9796
0.502316
0.20118
1.43373
1.27471
1.25375
0.274723
0.755447
0.295382
0.881289
0.851356
0.29214
1.14245
0.677594
1.09731
0.353051
0.903555
0.9897
1.22189
0.821676
0.735708
0.714506
1.25558
0.487069
1.45223
1.13846
0.648049
0.914695
0.564595
0.821095
0.643409
0.957423
1.43364
0.98092
0.153794
0.97225
1.11332
1.40251
1.35323
1.31588
0.680533
0.786829
0.336807
0.936288
1.32875
1.61189
1.2736
0.433288
0.108664
0.649336
0.999776
0.689022
0.476733
0.234818
0.675331
1.1614
1.29024
1.73976
0.109754
0.81791
0.936053
0.953855
0.649739
0.970968
1.14553
0.634896
0.497251
0.853489
0.896634
0.59673
0.833736
0.881339
1.11441
0.488501
0.185353
0.697727
0.640923
0.239712
1.70968
0.934983
1.28828
0.966755
1.08231
0.644244
0.219643
1.31024
1.97592
0.402056
0.830954
0.647739
0.597474
0.466737
1.12027
1.30109
1.17586
0.929266
0.653641
0.432878
0.573284
0.790708
1.26484
1.27942
1.38961
1.1621
0.677374
1.14889
1.21439
0.517721
0.793048
0.417635
1.12474
1.201
1.1605
1.45055
1.18462
1.24259
1.10264
0.899721
1.27318
0.9019
0.646476
1.85775
1.32193
0.767283
0.28458
0.292784
0.411073
0.614273
1.20549
0.721317
0.16864
0.846392
1.55882
0.597751
0.897945
1.32965
0.699714
0.87033
0.514804
1.49219
1.61734
0.381091
1.1974
1.29813
0.666184
0.753579
0.392
0.282461
0.912561
1.59171
0.851917
0.224667
0.0769634
1.35147
1.1847
0.839578
0.254251
0.543418
0.871813
1.38726
1.2746
1.2595
0.810498
0.526802
0.0827614
1.3
1.23108
1.25958
0.675979
1.22027
1.38113
1.64323
1.72401
1.05046
0.884404
1.31304
0.736066
1.85977
1.02986
0.996843
0.860187
0.79965
1.33763
0.400914
0.886861
0.724286
1.36447
0.63321
0.872475
0.684085
1.31122
0.105687
0.375402
0.34975
1.17667
0.803771
1.94122
1.00311
1.1095
1.25209
1.15589
0.855878
0.822647
1.06019
0.615744
0.403546
1.42718
0.951148
0.961561
0.511525
0.912555
1.3378
0.383997
0.345785
0.0945806
0.81698
1.30926
1.61746
0.99998
0.624789
1.08258
0.628667
1.49978
0.6312
0.616911
0.27752
0.748676
0.918457
0.830277
0.968689
0.64107
1.19238
1.29226
2.32117
1.29385
0.134783
0.421863
0.435022
1.3433
1.04299
0.437062
1.1835
0.661112
0.274625
0.910339
1.00809
1.16151
0.513373
0.793127
0.506265
0.884911
1.04955
0.53284
1.36725
1.6732
0.281148
1.08879
0.670196
0.837196
0.878102
1.33048
0.991154
1.40436
1.93302
0.288273
0.105689
0.88343
1.72849
1.06883
0.592191
0.603423
0.857306
0.250621
1.01722
0.702729
1.19227
0.487743
0.865262
0.560153
1.18103
1.35416
1.13499
0.905886
0.896846
0.536099
0.856655
0.372502
0.886339
1.04748
0.736198
0.762923
0.469698
0.510716
1.03919
1.36918
0.608381
0.663102
0.112051
0.714279
0.412577
1.51102
0.72587
1.29178
0.203854
0.721317
0.81576
1.53834
1.47355
0.81703
1.06286
0.749429
1.54284
1.22031
0.936553
0.992061
1.05201
0.402004
0.824523
1.05176
1.12596
1.17802
1.58601
0.505466
1.00693
0.846868
0.692359
0.597272
2.14352
1.42301
0.299328
0.3588
0.292326
0.704196
0.8837
1.33295
1.20628
1.4646
0.596734
0.572118
0.590499
0.241211
0.942915
1.31698
1.22679
0.363421
0.283992
0.984719
1.48989
1.20072
0.958512
1.04776
0.257025
0.630439
0.549867
0.540381
0.66858
0.815636
0.288777
1.09375
0.602799
0.580361
0.701357
0.594712
1.11976
1.09195
0.751139
0.704719
0.874369
1.27018
1.35436
0.619592
1.79969
0.355753
1.07099
0.242012
0.990651
1.17362
0.729734
1.25639
1.48457
0.599418
0.467041
0.425742
1.28137
0.588093
1.65402
0.106177
0.680274
0.408661
0.558323
0.356122
0.584998
1.30393
1.49653
2.16886
0.782143
0.651891
0.354553
1.19364
1.32372
0.656827
0.941125
0.972773
1.33647
1.2459
1.05975
0.856355
1.52217
1.07699
0.887447
1.37004
0.779501
0.501157
0.334586
1.17003
0.892178
1.17352
0.567495
0.119233
0.690134
0.537453
0.808159
0.99063
1.32289
0.749453
1.38585
1.41269
0.619882
0.440032
1.20689
1.13559
0.334455
0.882522
0.495155
0.548521
1.49487
1.17258
1.00898
1.25484
0.919726
1.46576
0.790233
0.918985
0.579343
1.34823
0.775689
0.32391
1.47397
0.152057
0.520303
0.777106
0.983198
1.02559
0.828781
1.03077
0.860681
1.31902
0.827258
1.00803
1.86063
1.65888
1.58015
0.755625
0.811668
0.733295
0.853612
1.60513
1.74738
1.84166
0.568892
0.368128
1.10758
1.85001
1.30427
1.60052
1.95288
0.927432
0.507767
0.624701
0.657267
0.954708
1.08594
0.329038
1.16145
0.252094
1.27827
0.974317
1.95696
0.475398
1.0522
0.549731
0.0511979
0.929154
0.84112
1.14504
1.07616
1.35708
1.1136
0.204369
1.25637
1.05513
0.908469
1.08455
0.438263
0.584039
1.26319
1.24111
0.357418
1.70587
0.351009
0.234338
1.20971
1.32787
0.988701
0.850041
1.06616
1.08266
0.217024
1.42375
1.09251
1.45431
1.13382
0.695899
0.915328
1.37186
0.953595
1.20744
0.645683
0.270735
1.51693
1.00179
0.632224
1.04016
0.876816
1.81741
0.882819
0.548514
0.422067
0.931678
1.24307
1.53828
1.59631
0.234061
0.882182
0.434124
1.1107
0.90657
1.01712
1.06185
0.561657
0.131671
1.30806
1.53052
1.117
1.28899
1.24854
0.546789
0.715707
0.0947779
0.647307
0.833081
1.14335
0.716521
0.877547
1.10867
0.636878
0.927944
0.304182
0.327981
1.34124
1.03946
0.860962
1.00966
1.02252
1.42891
0.861468
0.744497
0.878727
0.371178
0.188222
0.131904
0.457238
0.139017
0.353552
1.05486
1.33776
0.497115
1.02771
0.391572
0.137235
0.945483
1.60035
0.656802
0.257263
0.602902
1.47329
0.527348
1.01154
0.514884
1.68386
1.70017
1.45212
0.883403
0.993033
0.405447
0.779268
0.613232
1.52175
1.05312
0.618499
0.623813
0.37486
1.4171
0.515506
1.37036
0.531668
0.670724
0.664236
0.487386
1.24032
1.15519
0.9382
0.22794
0.352975
0.244872
0.94982
0.868574
0.709324
1.22326
0.424871
0.565959
1.10981
1.53154
1.72255
0.490018
0.667179
1.07592
0.520397
0.263019
0.538148
0.979344
1.40247
0.759277
0.319497
0.762866
0.0268642
0.925897
0.490369
0.914414
1.16891
0.937699
1.21586
1.2027
0.532456
0.266344
0.690905
0.709196
1.21438
0.648251
1.30246
1.19414
1.53485
1.66074
0.643659
0.292444
1.0277
1.83471
0.883343
1.77845
1.20509
0.70517
0.695697
0.314426
1.26821
1.76812
0.475923
0.38939
1.00568
1.2666
1.75939
1.38789
1.13196
0.853807
0.744542
0.267138
0.316031
0.878712
1.35495
1.09656
0.822189
0.636779
0.502238
1.65897
2.07404
1.03042
0.6975
1.05847
0.87849
1.40778
1.11696
1.7378
1.6985
0.995918
0.265501
0.298682
1.61981
0.959505
0.722106
0.961053
0.742205
0.451951
1.02886
0.856207
1.62159
0.829778
0.601018
0.683273
0.782838
1.17382
0.971617
1.23602
0.52
1.54058
0.839702
0.849132
1.17255
1.69378
0.774
0.794058
0.939227
0.923403
0.191548
0.532404
0.942377
0.390388
1.32527
0.593521
0.770604
0.714844
0.927951
2.06591
0.987644
1.18335
1.03107
0.803268
1.07379
1.49877
2.09221
1.22077
0.147536
1.29877
1.05651
1.01965
0.864341
1.24261
0.276928
0.859725
1.09963
1.09485
1.03784
1.19848
1.20461
1.14528
0.499641
0.731281
1.23631
1.10512
1.13072
0.757063
0.92853
0.607926
0.744807
1.49355
1.18443
0.576123
0.519386
0.808606
0.943583
0.882448
0.929328
1.57212
0.315378
0.965987
0.790095
0.555717
0.649084
0.873722
0.709674
1.01144
0.605398
1.06293
0.989295
0.163346
1.29834
0.576671
0.661532
1.13306
1.44924
1.12584
0.640016
0.6143
1.78248
1.5439
0.789803
0.910133
0.970172
0.506712
1.448
1.16575
1.79442
0.969788
0.961444
0.367934
1.46847
1.2722
1.11182
0.249487
0.136888
1.10186
1.16366
0.775537
0.818587
1.03279
1.239
0.37028
0.529837
1.14712
1.1616
0.74657
1.57808
0.259962
0.401677
0.112993
0.792997
0.982504
0.542563
0.967787
0.695662
0.423513
0.659808
1.29547
1.50179
0.512083
0.473823
1.08712
0.414994
0.723398
0.52094
0.690937
0.320735
0.786703
0.442826
0.233569
1.18936
1.27158
1.64103
0.842247
0.370917
1.21572
0.965509
0.975126
0.603693
1.45062
0.360311
0.561651
0.964662
1.09886
1.00624
0.831958
1.01527
0.955385
0.188747
0.938806
0.571539
0.971227
1.34285
1.27637
0.872605
1.04667
0.595393
0.677251
1.16976
1.08924
1.0314
1.02064
0.779994
1.26649
1.57294
0.877725
0.652667
1.16796
0.484081
1.02142
1.16196
1.05027
0.893612
0.549588
0.523775
1.86605
0.77044
1.3053
0.463782
0.374588
0.893361
1.05259
1.44048
0.0646086
0.935302
0.657824
0.349914
0.56979
0.19433
1.2314
0.656601
0.979912
0.906302
0.341434
0.814731
1.50669
1.95908
0.694385
0.519426
1.01352
0.791776
0.751115
0.296393
0.848698
0.785789
0.510678
0.855954
0.609945
1.90055
1.13867
1.25518
0.145324
0.953086
0.506036
0.665343
1.33544
1.055
0.385977
1.06665
0.826994
1.1985
0.697527
0.82806
0.922271
0.250004
0.973553
1.35141
1.19716
1.00313
0.517484
0.470346
2.05504
1.18251
1.38955
1.28411
1.5249
1.50868
0.620736
0.602538
0.499975
0.679532
1.53064
1.53469
0.524596
0.354759
0.665296
0.848229
0.731934
1.11831
0.999405
0.561643
0.374114
0.633202
1.49974
0.685036
1.02629
1.22794
0.832803
1.20345
0.348285
1.15686
0.782479
0.762655
1.53504
0.29697
0.0870735
1.21907
1.23345
0.666813
1.185
0.369119
1.57977
1.1142
0.915466
0.878723
1.38417
0.417256
0.659466
0.134142
1.17986
1.50911
1.27743
0.656735
1.07579
0.750759
0.829695
1.08686
0.763353
0.449415
0.888629
0.976619
1.23599
2.21016
1.34316
1.4825
0.799197
0.794203
0.651562
0.74002
1.30476
1.24292
0.329969
1.07834
0.866629
0.353875
0.660155
1.23393
1.24413
1.44743
1.51991
0.691328
1.04029
1.1669
1.4882
1.68813
0.73395
0.46593
1.13248
0.610009
0.186496
1.56555
0.665594
0.556521
0.935124
1.46319
0.705947
1.08084
1.19861
0.573385
0.790841
1.14279
1.1564
1.1471
0.0611442
0.414747
1.1392
1.4348
0.992763
0.315442
1.25515
0.803726
1.09459
0.836828
0.44044
0.475785
1.28603
0.554059
1.16678
0.871739
0.617281
0.332839
1.13358
0.935318
0.665378
0.79861
0.563621
1.39853
1.29299
1.20237
0.702798
0.712149
0.477847
0.490261
1.24749
0.83428
0.396056
1.06288
1.2731
1.8925
1.63728
1.01671
0.979198
0.669734
1.33646
0.708388
1.56007
0.541721
0.426269
0.277864
0.480112
0.872471
1.6992
0.860063
0.471952
0.573493
1.35887
0.422544
0.918042
1.65926
1.45081
0.198721
0.441801
0.409115
1.09548
1.20987
0.514408
0.817073
1.30263
0.494681
0.218123
0.249851
0.445211
1.41396
1.73852
0.410107
0.41406
0.364677
1.51
1.42689
1.21151
0.928672
0.702169
0.349391
0.772761
0.496684
0.61935
1.02312
0.485272
0.921
0.478456
0.64057
0.92432
0.961304
1.07102
1.05104
1.44715
0.335558
0.927748
1.36444
0.944851
1.63946
0.399955
1.20402
0.330144
1.07583
0.583805
0.647845
0.432255
0.422771
0.887085
0.921947
1.18343
1.09646
0.331611
0.418015
0.384999
0.169678
1.87483
1.18141
1.80383
0.480282
0.0673632
1.2268
0.882696
1.19646
1.24742
0.687596
0.996792
0.903384
1.41494
0.888429
1.22396
1.32276
0.145425
1.25216
0.90353
0.989396
0.874487
1.3213
0.122282
0.686889
0.726999
0.50981
0.847101
0.610362
0.518479
0.896281
0.56099
0.816846
0.971295
0.412019
0.283533
0.498509
1.18945
0.86785
1.63117
1.21598
1.56425
0.229278
1.16479
0.760679
0.580831
0.499476
0.515807
0.38028
0.642996
0.714866
0.754562
1.62463
1.55176
0.850424
0.848225
0.347199
0.405674
0.414523
2.11765
1.11274
1.04563
1.57538
0.554911
0.155141
0.654126
0.37464
1.27194
0.844021
1.17839
1.53022
0.866695
0.423543
1.16494
1.41752
1.3765
1.25259
0.662343
1.31028
0.947282
1.33876
0.106696
1.01676
0.855157
1.02221
0.785375
1.65717
1.86606
1.38572
0.660243
0.392837
0.183766
1.60723
0.673977
0.701488
0.76148
0.39543
0.558684
0.637966
0.909991
1.52242
1.10614
0.500454
0.609547
1.21816
0.789791
1.17804
0.926901
0.605246
0.511847
0.748254
0.512748
0.951867
1.24556
0.726272
0.959354
1.78005
1.61035
1.01553
1.23959
1.37421
0.412062
0.44538
0.842212
0.801824
0.970356
1.32023
1.00287
1.66439
1.2539
1.38094
1.03348
0.781727
0.824657
1.68323
1.94288
1.35809
0.836395
0.645302
0.412957
0.458255
0.850306
1.20992
1.00609
1.46297
0.544159
0.977605
1.44079
1.34678
1.50233
0.591547
1.18279
0.321953
1.59323
1.23106
1.16857
1.37282
0.370655
1.16699
0.227022
0.704755
0.984261
0.124991
0.759838
0.563119
0.152567
0.618228
1.09818
1.21261
1.62675
1.38348
0.92794
0.851099
1.16424
0.91336
1.17895
0.705211
1.16065
0.671364
1.09045
1.80305
0.910211
0.28435
0.732359
1.20556
0.622176
0.413783
0.716929
0.968705
0.803134
1.56494
1.00939
1.58787
0.720262
0.89081
0.805161
1.00653
0.431258
1.10239
0.45767
0.478606
1.40534
0.815863
0.485089
0.732017
0.701064
0.410475
0.827631
1.12791
1.98452
1.00085
0.803621
0.577111
0.70694
1.68413
2.31531
0.257472
0.378062
1.19253
0.66454
1.72041
0.135303
0.620543
0.151669
0.719293
1.15542
0.509765
0.76757
0.950883
0.876924
0.906805
0.50896
1.14822
0.592467
0.690456
0.872726
1.01399
0.874535
0.198001
0.186827
0.98067
1.13915
0.227529
1.02461
0.465903
0.675243
1.43895
2.2668
1.60116
0.56199
0.328694
0.262285
1.00607
0.923592
0.818365
0.731293
0.0352758
0.641648
1.04015
0.648325
0.327177
0.660939
0.187709
0.673762
0.0745009
1.75584
1.24676
0.889337
1.81927
1.49228
1.08894
0.155931
0.577751
0.67385
1.06362
1.76324
1.38556
0.452999
0.664562
0.863898
0.845014
1.10652
0.826087
0.919989
0.272658
0.749757
1.18263
0.893837
0.921052
1.06753
0.597047
0.778688
0.931843
1.50267
1.89774
0.517077
0.754129
0.493973
0.683078
0.86778
0.739647
0.690328
0.766508
0.29655
0.889959
0.925887
0.571335
0.542083
1.84792
1.26724
0.642858
0.689558
0.291697
1.26724
1.13098
0.630279
0.696006
0.774789
0.438859
1.453
1.02197
1.1297
0.508433
1.02914
0.0594141
1.09502
1.67699
1.04682
0.715675
1.49894
1.46475
0.0908342
1.03649
0.0300578
0.778369
0.623728
1.1069
1.34282
0.837622
0.705292
1.4214
2.03064
1.74788
1.34172
0.478892
0.623596
0.456876
0.343367
1.40824
1.17206
1.40569
1.30826
0.825901
0.11264
1.33332
1.21587
1.36671
0.766991
0.237908
0.753455
0.872454
1.1236
1.56737
0.533003
1.39107
1.0074
0.643407
1.14365
1.21192
1.32712
0.650635
0.140202
0.763443
1.39367
0.191268
0.926692
1.08943
1.36975
0.493871
0.250298
0.786771
1.02444
0.691304
1.77206
0.451319
1.45001
1.16212
1.39509
0.941988
0.609098
0.544873
0.568917
0.400261
0.531944
1.21561
0.528084
0.779348
1.41812
0.371085
0.516077
0.525134
0.77381
1.42964
0.655278
0.481342
0.958141
1.53873
1.77999
1.66753
0.958559
1.19411
0.800795
0.667486
0.760647
1.27942
1.04883
1.53787
0.546791
0.928009
1.3742
0.355503
1.34318
0.982601
1.53863
1.39261
1.52893
0.828363
0.812276
0.86994
0.436672
0.852431
1.09134
0.378881
1.16389
1.33131
0.82052
0.48289
0.597379
0.54898
0.278598
1.90298
1.49812
1.46611
0.827962
1.59519
0.786763
1.0784
0.77198
0.582678
0.631354
0.440026
0.560609
0.600157
1.02281
1.31596
1.14132
0.425998
0.337357
1.18236
1.16561
0.29924
1.58828
0.755337
1.11171
0.567398
0.480905
1.16782
0.820502
1.58981
0.849505
1.25928
1.31519
0.787522
1.33357
1.49362
0.91163
0.8954
1.13039
0.207112
0.901823
1.00484
1.95058
2.36439
0.874426
1.00844
0.72423
0.793991
1.15494
0.484212
0.909443
0.770248
0.652934
0.569449
0.27568
0.529695
1.21089
0.0381213
0.861016
0.946681
0.881331
0.988275
1.68795
1.28874
0.78803
1.78231
0.18777
0.399759
0.969206
1.50231
0.308255
0.819229
0.499363
0.647027
0.699288
0.600229
0.639213
0.915578
0.891528
0.877149
0.978867
0.779426
0.467355
1.56629
1.13313
0.449377
0.615609
0.747314
0.347152
1.65086
0.708293
0.426366
0.525302
0.525075
1.31854
0.978726
1.16275
0.626065
1.09479
1.19889
0.411094
0.539818
0.865161
0.794091
1.29094
0.727189
0.270636
1.00105
1.55136
1.02955
0.610018
1.58976
0.39983
0.88939
0.391927
0.987722
1.19459
0.982213
0.947469
1.39567
1.47819
0.89279
0.956962
1.11885
0.432456
1.11822
0.888317
0.865108
0.487464
0.901485
0.722505
0.75626
1.55663
1.33613
0.81068
0.196518
0.687837
1.28959
0.61412
1.29652
1.08512
0.561966
0.366073
1.02713
0.852716
1.35478
0.680789
0.472586
0.299062
0.41452
0.515016
0.685713
1.18587
0.368579
1.39626
0.410129
0.500577
0.328801
1.01093
1.25946
1.56233
0.736493
0.976339
0.569594
0.574246
0.61801
0.54834
1.09449
0.734227
0.713204
1.24742
1.08751
0.662808
1.88369
0.969921
0.773895
1.02715
0.922756
1.00078
1.55213
1.13925
0.808673
1.08672
1.03582
0.552638
0.0720477
0.804124
1.38663
0.948403
0.495486
0.469744
0.362395
1.176
1.03489
1.76359
1.08188
0.613709
0.820453
0.807239
1.13466
1.73784
1.8188
0.159414
0.133008
0.879649
0.969441
0.694192
0.853144
0.918297
1.30252
0.890552
1.14393
1.15638
0.942409
0.395931
0.250622
1.57198
0.255719
1.22144
0.993279
0.572037
1.37634
0.453879
0.76196
0.616898
1.41536
0.545598
1.10419
1.37084
0.893925
0.784888
0.807946
0.47582
1.20186
1.74166
1.72733
1.08497
1.49071
0.717187
1.01945
0.984003
1.29112
1.11014
0.580293
0.975421
0.432116
0.779372
0.929057
0.736353
1.39956
0.79589
0.76422
0.172145
0.916169
0.941115
1.56252
1.80912
0.512857
1.23053
1.26055
1.51581
1.59918
0.653612
0.546066
0.423517
0.514456
1.05482
1.18046
2.28306
1.01468
1.3262
0.712263
1.19923
0.760295
1.23383
1.03561
1.07743
1.35167
0.257244
0.283234
0.484424
0.466666
0.971573
0.708782
0.276322
1.27272
0.5936
0.89457
0.846575
0.822902
1.36418
0.702929
1.69551
1.32371
0.741858
1.06464
0.911026
0.274376
1.06461
0.844177
0.622757
1.16
0.942948
0.318067
1.16231
0.524834
0.539218
0.418493
0.362126
0.907406
1.85022
0.298127
0.501311
1.04897
1.02514
1.549
0.463396
1.32079
0.370917
0.842242
1.35663
1.09069
1.13856
0.766371
0.247113
1.05097
1.64065
1.49971
1.28896
0.768867
0.0684422
0.680176
1.85436
1.51875
0.71915
0.591673
1.1248
0.974253
0.486561
0.985198
1.0996
1.30225
0.505995
0.243783
0.579046
1.26468
0.702364
1.23385
0.437678
1.24051
0.563286
0.917042
0.972763
1.36111
0.309609
0.682036
0.951241
0.538693
1.22106
1.0651
1.16488
0.73795
0.546102
1.36309
0.940559
0.954505
1.60799
0.555416
0.417042
0.406932
0.644787
1.34002
1.22779
0.547907
0.98959
0.559677
1.10777
0.825376
1.41792
0.171271
0.13195
0.642758
0.53875
0.430461
0.923401
0.424807
1.87888
1.48601
1.10121
1.12347
0.0784276
0.329435
0.428975
1.6548
0.643752
0.775408
0.419212
0.915028
0.650931
0.818477
1.69996
0.607965
0.527981
0.227263
1.01355
1.01103
1.48789
0.982723
0.864581
1.5009
0.877954
0.850366
0.955922
1.04483
1.20746
0.689866
1.16444
0.557159
1.23543
0.55945
0.117955
0.950113
1.09849
0.956451
0.216769
0.352158
1.02863
1.17362
0.509894
0.47862
1.41783
1.23577
0.932506
0.198707
0.447338
1.56667
0.700736
1.27722
0.561676
0.768431
0.818069
0.156521
0.722875
0.80334
0.305517
0.984194
0.445809
0.261924
0.349759
1.08287
0.86012
1.30236
0.507725
0.819524
0.350141
0.652547
0.36927
1.32625
0.840883
1.10762
0.838072
1.53056
1.50579
1.06125
1.60306
0.930331
1.60967
1.84852
1.27679
0.764984
0.816148
0.288274
0.8677
1.80224
1.24942
0.780821
0.825461
0.761736
1.16826
0.412514
1.39882
0.710278
0.883887
1.02685
0.406367
0.832913
1.05962
0.401397
1.05989
1.00644
0.156391
1.13808
1.06669
0.666839
1.64336
0.607793
0.282248
1.15622
1.54533
0.871494
0.288537
0.842801
1.52179
0.822141
0.682559
0.837586
0.762884
0.593343
0.2331
0.670219
0.987771
1.22806
0.605999
1.12627
1.22992
0.620641
0.565412
0.801092
1.48225
1.05235
0.660383
0.810159
0.477929
1.20312
2.46614
1.7668
1.65556
1.22108
1.0928
0.371047
0.315809
1.47166
0.936538
1.04374
1.60358
1.30716
0.66777
0.234724
0.955855
1.42761
1.80713
0.952369
0.908762
0.603522
0.484098
1.44072
1.31365
0.846383
0.752249
1.58305
0.454618
0.84386
1.19118
1.40262
0.949644
0.969914
0.57463
1.07191
1.64237
1.52543
0.781459
0.852467
0.742759
1.61414
0.731401
1.2372
1.0295
1.38725
0.709799
0.399837
0.838252
1.58815
0.568328
0.626385
1.10162
0.440516
0.33424
0.834211
1.39815
0.915938
0.746688
0.472572
1.50141
0.437223
0.795527
1.37431
0.501077
0.327238
0.673961
0.428553
1.14016
1.44955
1.99145
1.08013
0.715754
1.02038
0.156382
0.789915
1.42528
1.52788
1.25076
0.38749
0.612185
1.25365
1.30775
0.701987
1.51085
1.07803
0.52713
0.673789
0.618857
0.70874
1.70516
1.64493
1.36681
0.645497
1.10342
0.608582
0.273527
0.895451
0.858178
0.29943
1.2757
1.02214
1.08792
1.30959
0.40921
0.764158
1.13239
0.987214
0.776871
0.653306
0.583814
0.626651
1.10416
0.308528
0.959432
0.620177
1.78409
1.08704
0.616188
0.5021
0.782839
0.89893
0.396061
0.82994
0.688469
0.477323
0.420592
0.895555
1.10806
0.554311
0.777164
0.356601
0.932634
0.949081
0.840667
0.809334
0.802304
1.26274
1.21311
0.69703
0.176478
0.844311
1.08339
0.81932
0.680906
1.86447
0.664921
0.148469
0.384224
1.78061
0.833869
1.33921
0.752854
0.406699
0.728617
0.34393
0.581414
1.80481
1.32497
0.823111
0.604235
0.061697
0.649814
1.13627
1.27894
0.654704
0.848291
1.07634
1.14649
0.46773
0.511188
1.07765
0.823172
1.0838
0.768807
0.156744
1.21854
1.16301
1.35807
1.1001
1.18772
0.674523
0.437188
0.614621
0.50411
1.88303
0.367264
0.18676
0.525808
0.11196
1.0431
0.838907
0.379598
0.328511
0.912745
1.44264
1.59433
1.07272
1.09077
1.08175
0.566467
0.345036
0.812935
0.317861
1.07662
1.01962
1.78082
0.640144
1.10286
0.952668
1.07056
0.978647
0.503615
0.207434
1.16554
0.447304
1.28511
1.67987
1.68381
0.896747
0.421093
0.158734
0.821294
1.44584
1.07615
1.28112
0.892728
0.920927
1.65345
1.12192
2.10396
1.33902
0.77572
1.08778
1.32084
1.1664
1.00579
1.59875
1.10728
0.640477
0.590008
1.2883
1.20832
1.05719
1.25409
1.0865
0.44402
1.20629
0.207936
0.668178
0.311135
0.884623
1.21778
1.22355
0.594969
0.608691
1.14017
0.534341
0.689854
1.42924
0.413329
0.708721
1.27174
1.51455
1.08909
0.565372
1.07305
0.517991
0.910612
1.72536
0.59529
0.178957
0.637098
0.738448
1.51316
1.05919
0.599877
1.33361
0.508879
0.797306
0.772878
1.09005
1.11718
0.989138
1.90856
1.10289
1.0141
0.47104
0.900983
1.09327
1.91357
0.709621
0.22042
1.15066
1.47127
1.51022
1.04662
1.18086
1.08072
1.53122
0.475715
0.67878
1.42133
0.509258
1.04568
0.816962
1.06799
1.00364
1.63624
1.31297
0.987615
0.69115
1.12812
1.19624
0.771882
0.67679
0.89115
1.04007
0.363552
0.647477
1.10116
0.650492
0.187994
0.941164
1.03864
0.698822
2.08104
1.8157
0.0525478
0.577751
1.06207
0.14941
0.405655
1.18438
1.47784
0.853391
0.987099
0.363288
1.45875
0.916543
0.831964
0.391789
0.950193
0.465885
0.758182
1.34677
1.07834
0.735793
1.03135
0.484653
0.777373
1.49495
0.513626
0.825154
0.430475
1.42863
0.8247
1.84115
0.840135
1.64231
0.670364
0.970172
0.247805
0.743762
0.880742
0.437613
0.855833
0.584906
0.303037
0.900431
1.52171
0.982978
0.813167
1.56847
1.04999
1.29036
1.22666
0.412655
1.62173
0.429633
0.431812
1.02274
0.520777
1.62113
1.63207
0.867003
0.0935148
0.647396
0.562572
0.72561
0.749672
1.29493
0.554963
0.995495
0.816984
0.511335
0.194414
0.365881
0.892638
1.36008
1.20164
1.08843
1.24997
0.642951
0.610741
0.94491
0.843058
0.596237
0.90218
0.366098
0.90054
0.533535
1.19197
0.507583
0.67829
0.434302
0.411411
0.702234
0.644255
0.495698
0.531937
1.13607
1.48737
1.18335
1.3798
1.43235
0.477866
0.0823257
0.755959
1.46375
1.6177
1.43391
0.628987
0.218521
1.52166
2.04711
1.28294
0.596117
0.880201
0.307997
1.03325
0.467959
1.42862
0.755522
0.962034
1.19376
0.618125
0.995664
1.57216
1.11634
0.755351
0.44164
0.853945
0.458789
0.521755
0.977395
1.05328
1.12839
0.373397
0.70425
1.01225
0.956251
1.58448
0.915219
0.568457
0.654258
0.884414
0.713012
1.19207
1.54721
0.399945
1.15072
0.216904
0.71995
1.15378
1.19757
1.12911
0.0637707
0.693595
0.17726
0.922874
0.672762
0.437658
0.804195
0.478526
0.720974
1.68054
1.12163
0.88123
1.32525
0.74036
0.506401
1.53086
0.794162
0.114114
2.00896
1.12628
0.969307
0.711006
0.372776
0.677712
1.16671
0.964752
1.22885
0.397514
0.888914
0.723961
0.252056
1.7213
0.733051
0.796124
1.19224
0.24517
0.240733
1.32583
1.63291
1.51413
0.234904
0.425121
1.30807
1.57006
1.14036
1.16513
1.62668
0.665103
0.734282
0.586547
0.871635
0.152573
1.21091
0.702461
1.41631
1.72872
1.18418
0.447184
0.844006
1.17038
0.589723
0.804239
0.502315
0.621638
0.968826
1.00227
0.852774
0.411788
0.42025
0.495135
0.612826
0.781112
0.79917
1.19377
1.2861
2.00813
2.03095
0.955689
0.780648
0.595334
0.622017
0.712851
0.629266
0.867672
0.940588
1.36927
0.834091
0.706709
1.47535
1.09196
0.767536
0.459542
1.11148
0.983827
0.920434
1.2499
0.16332
0.976302
1.87063
0.854493
1.24183
0.436845
1.31485
0.924807
0.891103
1.04969
1.62652
0.963561
0.572488
0.28532
1.43308
1.40577
1.30588
1.35663
1.48414
0.853516
0.678047
0.335679
0.473012
1.37203
1.46676
1.12629
1.62907
0.728398
0.114906
0.128753
0.695218
0.658053
0.897845
0.49073
0.891956
0.731003
1.51359
1.28979
0.266877
0.747519
0.47539
0.880862
0.485442
0.997965
1.53676
0.741097
0.0549606
1.07154
0.207211
0.460465
0.893053
0.936823
1.26885
1.52321
1.08552
1.30269
1.2554
0.38878
1.29062
0.614651
0.887898
0.871581
0.550829
1.43607
1.06913
0.276722
0.758574
0.351753
1.59142
0.969268
0.760361
0.615477
0.305767
0.980916
1.19809
2.2398
1.31047
1.63121
0.683126
0.340177
1.02099
0.585964
1.2949
1.58803
0.847785
0.561059
0.915095
0.953208
