[0.885918 0.885918 0.885918 0.885918 0.885918 0.885918 0.885918 0.885918 0.885918 0.885918]
[1.31762 1.31762 1.31762 1.31762 1.31762 1.31762 1.31762 1.31762 1.31762 1.31762]
[1.51263 1.51263 1.51263 1.51263 1.51263 1.51263 1.51263 1.51263 1.51263 1.51263]
[0.725053 0.725053 0.725053 0.725053 0.725053 0.725053 0.725053 0.725053 0.725053 0.725053]
[0.167136 0.167136 0.167136 0.167136 0.167136 0.167136 0.167136 0.167136 0.167136 0.167136]
[1.19451 1.19451 1.19451 1.19451 1.19451 1.19451 1.19451 1.19451 1.19451 1.19451]
[1.9869 1.9869 1.9869 1.9869 1.9869 1.9869 1.9869 1.9869 1.9869 1.9869]
[0.90179 0.90179 0.90179 0.90179 0.90179 0.90179 0.90179 0.90179 0.90179 0.90179]
[0.576779 0.576779 0.576779 0.576779 0.576779 0.576779 0.576779 0.576779 0.576779 0.576779]
[0.409224 0.409224 0.409224 0.409224 0.409224 0.409224 0.409224 0.409224 0.409224 0.409224]
[0.273552 0.273552 0.273552 0.273552 0.273552 0.273552 0.273552 0.273552 0.273552 0.273552]
[1.22057 1.22057 1.22057 1.22057 1.22057 1.22057 1.22057 1.22057 1.22057 1.22057]
[0.280952 0.280952 0.280952 0.280952 0.280952 0.280952 0.280952 0.280952 0.280952 0.280952]
[0.213078 0.213078 0.213078 0.213078 0.213078 0.213078 0.213078 0.213078 0.213078 0.213078]
[1.60828 1.60828 1.60828 1.60828 1.60828 1.60828 1.60828 1.60828 1.60828 1.60828]
[1.26034 1.26034 1.26034 1.26034 1.26034 1.26034 1.26034 1.26034 1.26034 1.26034]
[1.1093 1.1093 1.1093 1.1093 1.1093 1.1093 1.1093 1.1093 1.1093 1.1093]
[1.29081 1.29081 1.29081 1.29081 1.29081 1.29081 1.29081 1.29081 1.29081 1.29081]
[1.44377 1.44377 1.44377 1.44377 1.44377 1.44377 1.44377 1.44377 1.44377 1.44377]
[0.958038 0.958038 0.958038 0.958038 0.958038 0.958038 0.958038 0.958038 0.958038 0.958038]
[1.0204 1.0204 1.0204 1.0204 1.0204 1.0204 1.0204 1.0204 1.0204 1.0204]
[0.895667 0.895667 0.895667 0.895667 0.895667 0.895667 0.895667 0.895667 0.895667 0.895667]
[0.225079 0.225079 0.225079 0.225079 0.225079 0.225079 0.225079 0.225079 0.225079 0.225079]
[1.06176 1.06176 1.06176 1.06176 1.06176 1.06176 1.06176 1.06176 1.06176 1.06176]
[0.496454 0.496454 0.496454 0.496454 0.496454 0.496454 0.496454 0.496454 0.496454 0.496454]
[1.10655 1.10655 1.10655 1.10655 1.10655 1.10655 1.10655 1.10655 1.10655 1.10655]
[1.10497 1.10497 1.10497 1.10497 1.10497 1.10497 1.10497 1.10497 1.10497 1.10497]
[1.19924 1.19924 1.19924 1.19924 1.19924 1.19924 1.19924 1.19924 1.19924 1.19924]
[0.938101 0.938101 0.938101 0.938101 0.938101 0.938101 0.938101 0.938101 0.938101 0.938101]
[0.33919 0.33919 0.33919 0.33919 0.33919 0.33919 0.33919 0.33919 0.33919 0.33919]
[0.279955 0.279955 0.279955 0.279955 0.279955 0.279955 0.279955 0.279955 0.279955 0.279955]
[0.863698 0.863698 0.863698 0.863698 0.863698 0.863698 0.863698 0.863698 0.863698 0.863698]
[0.447492 0.447492 0.447492 0.447492 0.447492 0.447492 0.447492 0.447492 0.447492 0.447492]
[0.878206 0.878206 0.878206 0.878206 0.878206 0.878206 0.878206 0.878206 0.878206 0.878206]
[1.38414 1.38414 1.38414 1.38414 1.38414 1.38414 1.38414 1.38414 1.38414 1.38414]
[0.998095 0.998095 0.998095 0.998095 0.998095 0.998095 0.998095 0.998095 0.998095 0.998095]
[0.579702 0.579702 0.579702 0.579702 0.579702 0.579702 0.579702 0.579702 0.579702 0.579702]
[0.773205 0.773205 0.773205 0.773205 0.773205 0.773205 0.773205 0.773205 0.773205 0.773205]
[0.331227 0.331227 0.331227 0.331227 0.331227 0.331227 0.331227 0.331227 0.331227 0.331227]
[1.1422 1.1422 1.1422 1.1422 1.1422 1.1422 1.1422 1.1422 1.1422 1.1422]
[0.695132 0.695132 0.695132 0.695132 0.695132 0.695132 0.695132 0.695132 0.695132 0.695132]
[0.973048 0.973048 0.973048 0.973048 0.973048 0.973048 0.973048 0.973048 0.973048 0.973048]
[0.797152 0.797152 0.797152 0.797152 0.797152 0.797152 0.797152 0.797152 0.797152 0.797152]
[1.11634 1.11634 1.11634 1.11634 1.11634 1.11634 1.11634 1.11634 1.11634 1.11634]
[0.871401 0.871401 0.871401 0.871401 0.871401 0.871401 0.871401 0.871401 0.871401 0.871401]
[1.34196 1.34196 1.34196 1.34196 1.34196 1.34196 1.34196 1.34196 1.34196 1.34196]
[0.919566 0.919566 0.919566 0.919566 0.919566 0.919566 0.919566 0.919566 0.919566 0.919566]
[0.947356 0.947356 0.947356 0.947356 0.947356 0.947356 0.947356 0.947356 0.947356 0.947356]
[0.841081 0.841081 0.841081 0.841081 0.841081 0.841081 0.841081 0.841081 0.841081 0.841081]
[1.17416 1.17416 1.17416 1.17416 1.17416 1.17416 1.17416 1.17416 1.17416 1.17416]
[1.1958 1.1958 1.1958 1.1958 1.1958 1.1958 1.1958 1.1958 1.1958 1.1958]
[0.69004 0.69004 0.69004 0.69004 0.69004 0.69004 0.69004 0.69004 0.69004 0.69004]
[0.380287 0.380287 0.380287 0.380287 0.380287 0.380287 0.380287 0.380287 0.380287 0.380287]
[0.110824 0.110824 0.110824 0.110824 0.110824 0.110824 0.110824 0.110824 0.110824 0.110824]
[1.19679 1.19679 1.19679 1.19679 1.19679 1.19679 1.19679 1.19679 1.19679 1.19679]
[1.12456 1.12456 1.12456 1.12456 1.12456 1.12456 1.12456 1.12456 1.12456 1.12456]
[1.09487 1.09487 1.09487 1.09487 1.09487 1.09487 1.09487 1.09487 1.09487 1.09487]
[0.808005 0.808005 0.808005 0.808005 0.808005 0.808005 0.808005 0.808005 0.808005 0.808005]
[1.39972 1.39972 1.39972 1.39972 1.39972 1.39972 1.39972 1.39972 1.39972 1.39972]
[1.58349 1.58349 1.58349 1.58349 1.58349 1.58349 1.58349 1.58349 1.58349 1.58349]
[0.420711 0.420711 0.420711 0.420711 0.420711 0.420711 0.420711 0.420711 0.420711 0.420711]
[0.268301 0.268301 0.268301 0.268301 0.268301 0.268301 0.268301 0.268301 0.268301 0.268301]
[0.858694 0.858694 0.858694 0.858694 0.858694 0.858694 0.858694 0.858694 0.858694 0.858694]
[1.2551 1.2551 1.2551 1.2551 1.2551 1.2551 1.2551 1.2551 1.2551 1.2551]
[0.449177 0.449177 0.449177 0.449177 0.449177 0.449177 0.449177 0.449177 0.449177 0.449177]
[1.04048 1.04048 1.04048 1.04048 1.04048 1.04048 1.04048 1.04048 1.04048 1.04048]
[0.441288 0.441288 0.441288 0.441288 0.441288 0.441288 0.441288 0.441288 0.441288 0.441288]
[1.69439 1.69439 1.69439 1.69439 1.69439 1.69439 1.69439 1.69439 1.69439 1.69439]
[0.417166 0.417166 0.417166 0.417166 0.417166 0.417166 0.417166 0.417166 0.417166 0.417166]
[0.886095 0.886095 0.886095 0.886095 0.886095 0.886095 0.886095 0.886095 0.886095 0.886095]
[0.947598 0.947598 0.947598 0.947598 0.947598 0.947598 0.947598 0.947598 0.947598 0.947598]
[1.32569 1.32569 1.32569 1.32569 1.32569 1.32569 1.32569 1.32569 1.32569 1.32569]
[0.316113 0.316113 0.316113 0.316113 0.316113 0.316113 0.316113 0.316113 0.316113 0.316113]
[0.830968 0.830968 0.830968 0.830968 0.830968 0.830968 0.830968 0.830968 0.830968 0.830968]
[1.28411 1.28411 1.28411 1.28411 1.28411 1.28411 1.28411 1.28411 1.28411 1.28411]
[0.959666 0.959666 0.959666 0.959666 0.959666 0.959666 0.959666 0.959666 0.959666 0.959666]
[1.18173 1.18173 1.18173 1.18173 1.18173 1.18173 1.18173 1.18173 1.18173 1.18173]
[0.853606 0.853606 0.853606 0.853606 0.853606 0.853606 0.853606 0.853606 0.853606 0.853606]
[1.08594 1.08594 1.08594 1.08594 1.08594 1.08594 1.08594 1.08594 1.08594 1.08594]
[1.35805 1.35805 1.35805 1.35805 1.35805 1.35805 1.35805 1.35805 1.35805 1.35805]
[0.661728 0.661728 0.661728 0.661728 0.661728 0.661728 0.661728 0.661728 0.661728 0.661728]
[1.34715 1.34715 1.34715 1.34715 1.34715 1.34715 1.34715 1.34715 1.34715 1.34715]
[0.750767 0.750767 0.750767 0.750767 0.750767 0.750767 0.750767 0.750767 0.750767 0.750767]
[1.04758 1.04758 1.04758 1.04758 1.04758 1.04758 1.04758 1.04758 1.04758 1.04758]
[0.804433 0.804433 0.804433 0.804433 0.804433 0.804433 0.804433 0.804433 0.804433 0.804433]
[0.69728 0.69728 0.69728 0.69728 0.69728 0.69728 0.69728 0.69728 0.69728 0.69728]
[1.09881 1.09881 1.09881 1.09881 1.09881 1.09881 1.09881 1.09881 1.09881 1.09881]
[0.328563 0.328563 0.328563 0.328563 0.328563 0.328563 0.328563 0.328563 0.328563 0.328563]
[2.30404 2.30404 2.30404 2.30404 2.30404 2.30404 2.30404 2.30404 2.30404 2.30404]
[1.30781 1.30781 1.30781 1.30781 1.30781 1.30781 1.30781 1.30781 1.30781 1.30781]
[1.12865 1.12865 1.12865 1.12865 1.12865 1.12865 1.12865 1.12865 1.12865 1.12865]
[0.96983 0.96983 0.96983 0.96983 0.96983 0.96983 0.96983 0.96983 0.96983 0.96983]
[1.10299 1.10299 1.10299 1.10299 1.10299 1.10299 1.10299 1.10299 1.10299 1.10299]
[0.959134 0.959134 0.959134 0.959134 0.959134 0.959134 0.959134 0.959134 0.959134 0.959134]
[0.497928 0.497928 0.497928 0.497928 0.497928 0.497928 0.497928 0.497928 0.497928 0.497928]
[1.89987 1.89987 1.89987 1.89987 1.89987 1.89987 1.89987 1.89987 1.89987 1.89987]
[0.685534 0.685534 0.685534 0.685534 0.685534 0.685534 0.685534 0.685534 0.685534 0.685534]
[1.3569 1.3569 1.3569 1.3569 1.3569 1.3569 1.3569 1.3569 1.3569 1.3569]
[0.672809 0.672809 0.672809 0.672809 0.672809 0.672809 0.672809 0.672809 0.672809 0.672809]
[0.274737 0.274737 0.274737 0.274737 0.274737 0.274737 0.274737 0.274737 0.274737 0.274737]
[0.527548 0.527548 0.527548 0.527548 0.527548 0.527548 0.527548 0.527548 0.527548 0.527548]
[0.987252 0.987252 0.987252 0.987252 0.987252 0.987252 0.987252 0.987252 0.987252 0.987252]
[1.5485 1.5485 1.5485 1.5485 1.5485 1.5485 1.5485 1.5485 1.5485 1.5485]
[1.08235 1.08235 1.08235 1.08235 1.08235 1.08235 1.08235 1.08235 1.08235 1.08235]
[0.894799 0.894799 0.894799 0.894799 0.894799 0.894799 0.894799 0.894799 0.894799 0.894799]
[1.42521 1.42521 1.42521 1.42521 1.42521 1.42521 1.42521 1.42521 1.42521 1.42521]
[0.873369 0.873369 0.873369 0.873369 0.873369 0.873369 0.873369 0.873369 0.873369 0.873369]
[0.80771 0.80771 0.80771 0.80771 0.80771 0.80771 0.80771 0.80771 0.80771 0.80771]
[0.439616 0.439616 0.439616 0.439616 0.439616 0.439616 0.439616 0.439616 0.439616 0.439616]
[1.5351 1.5351 1.5351 1.5351 1.5351 1.5351 1.5351 1.5351 1.5351 1.5351]
[1.41082 1.41082 1.41082 1.41082 1.41082 1.41082 1.41082 1.41082 1.41082 1.41082]
[0.243943 0.243943 0.243943 0.243943 0.243943 0.243943 0.243943 0.243943 0.243943 0.243943]
[0.652455 0.652455 0.652455 0.652455 0.652455 0.652455 0.652455 0.652455 0.652455 0.652455]
[0.487739 0.487739 0.487739 0.487739 0.487739 0.487739 0.487739 0.487739 0.487739 0.487739]
[0.450187 0.450187 0.450187 0.450187 0.450187 0.450187 0.450187 0.450187 0.450187 0.450187]
[0.544124 0.544124 0.544124 0.544124 0.544124 0.544124 0.544124 0.544124 0.544124 0.544124]
[0.725431 0.725431 0.725431 0.725431 0.725431 0.725431 0.725431 0.725431 0.725431 0.725431]
[0.430357 0.430357 0.430357 0.430357 0.430357 0.430357 0.430357 0.430357 0.430357 0.430357]
[0.255624 0.255624 0.255624 0.255624 0.255624 0.255624 0.255624 0.255624 0.255624 0.255624]
[0.466585 0.466585 0.466585 0.466585 0.466585 0.466585 0.466585 0.466585 0.466585 0.466585]
[1.19115 1.19115 1.19115 1.19115 1.19115 1.19115 1.19115 1.19115 1.19115 1.19115]
[0.834295 0.834295 0.834295 0.834295 0.834295 0.834295 0.834295 0.834295 0.834295 0.834295]
[0.162853 0.162853 0.162853 0.162853 0.162853 0.162853 0.162853 0.162853 0.162853 0.162853]
[0.618395 0.618395 0.618395 0.618395 0.618395 0.618395 0.618395 0.618395 0.618395 0.618395]
[1.63013 1.63013 1.63013 1.63013 1.63013 1.63013 1.63013 1.63013 1.63013 1.63013]
[1.2053 1.2053 1.2053 1.2053 1.2053 1.2053 1.2053 1.2053 1.2053 1.2053]
[1.12528 1.12528 1.12528 1.12528 1.12528 1.12528 1.12528 1.12528 1.12528 1.12528]
[0.96279 0.96279 0.96279 0.96279 0.96279 0.96279 0.96279 0.96279 0.96279 0.96279]
[0.46704 0.46704 0.46704 0.46704 0.46704 0.46704 0.46704 0.46704 0.46704 0.46704]
[0.724116 0.724116 0.724116 0.724116 0.724116 0.724116 0.724116 0.724116 0.724116 0.724116]
[0.854167 0.854167 0.854167 0.854167 0.854167 0.854167 0.854167 0.854167 0.854167 0.854167]
[1.6162 1.6162 1.6162 1.6162 1.6162 1.6162 1.6162 1.6162 1.6162 1.6162]
[0.891291 0.891291 0.891291 0.891291 0.891291 0.891291 0.891291 0.891291 0.891291 0.891291]
[1.38963 1.38963 1.38963 1.38963 1.38963 1.38963 1.38963 1.38963 1.38963 1.38963]
[1.88524 1.88524 1.88524 1.88524 1.88524 1.88524 1.88524 1.88524 1.88524 1.88524]
[1.79753 1.79753 1.79753 1.79753 1.79753 1.79753 1.79753 1.79753 1.79753 1.79753]
[0.8105 0.8105 0.8105 0.8105 0.8105 0.8105 0.8105 0.8105 0.8105 0.8105]
[0.924466 0.924466 0.924466 0.924466 0.924466 0.924466 0.924466 0.924466 0.924466 0.924466]
[0.265135 0.265135 0.265135 0.265135 0.265135 0.265135 0.265135 0.265135 0.265135 0.265135]
[0.39757 0.39757 0.39757 0.39757 0.39757 0.39757 0.39757 0.39757 0.39757 0.39757]
[0.812482 0.812482 0.812482 0.812482 0.812482 0.812482 0.812482 0.812482 0.812482 0.812482]
[0.958674 0.958674 0.958674 0.958674 0.958674 0.958674 0.958674 0.958674 0.958674 0.958674]
[0.694647 0.694647 0.694647 0.694647 0.694647 0.694647 0.694647 0.694647 0.694647 0.694647]
[0.690379 0.690379 0.690379 0.690379 0.690379 0.690379 0.690379 0.690379 0.690379 0.690379]
[1.96013 1.96013 1.96013 1.96013 1.96013 1.96013 1.96013 1.96013 1.96013 1.96013]
[1.2073 1.2073 1.2073 1.2073 1.2073 1.2073 1.2073 1.2073 1.2073 1.2073]
[0.694393 0.694393 0.694393 0.694393 0.694393 0.694393 0.694393 0.694393 0.694393 0.694393]
[0.726279 0.726279 0.726279 0.726279 0.726279 0.726279 0.726279 0.726279 0.726279 0.726279]
[0.925069 0.925069 0.925069 0.925069 0.925069 0.925069 0.925069 0.925069 0.925069 0.925069]
[0.910659 0.910659 0.910659 0.910659 0.910659 0.910659 0.910659 0.910659 0.910659 0.910659]
[0.963114 0.963114 0.963114 0.963114 0.963114 0.963114 0.963114 0.963114 0.963114 0.963114]
[1.27043 1.27043 1.27043 1.27043 1.27043 1.27043 1.27043 1.27043 1.27043 1.27043]
[0.605407 0.605407 0.605407 0.605407 0.605407 0.605407 0.605407 0.605407 0.605407 0.605407]
[0.71623 0.71623 0.71623 0.71623 0.71623 0.71623 0.71623 0.71623 0.71623 0.71623]
[0.499922 0.499922 0.499922 0.499922 0.499922 0.499922 0.499922 0.499922 0.499922 0.499922]
[0.893185 0.893185 0.893185 0.893185 0.893185 0.893185 0.893185 0.893185 0.893185 0.893185]
[0.505669 0.505669 0.505669 0.505669 0.505669 0.505669 0.505669 0.505669 0.505669 0.505669]
[1.20507 1.20507 1.20507 1.20507 1.20507 1.20507 1.20507 1.20507 1.20507 1.20507]
[1.19971 1.19971 1.19971 1.19971 1.19971 1.19971 1.19971 1.19971 1.19971 1.19971]
[0.97662 0.97662 0.97662 0.97662 0.97662 0.97662 0.97662 0.97662 0.97662 0.97662]
[1.39682 1.39682 1.39682 1.39682 1.39682 1.39682 1.39682 1.39682 1.39682 1.39682]
[0.883363 0.883363 0.883363 0.883363 0.883363 0.883363 0.883363 0.883363 0.883363 0.883363]
[0.842549 0.842549 0.842549 0.842549 0.842549 0.842549 0.842549 0.842549 0.842549 0.842549]
[0.66989 0.66989 0.66989 0.66989 0.66989 0.66989 0.66989 0.66989 0.66989 0.66989]
[1.04462 1.04462 1.04462 1.04462 1.04462 1.04462 1.04462 1.04462 1.04462 1.04462]
[1.40028 1.40028 1.40028 1.40028 1.40028 1.40028 1.40028 1.40028 1.40028 1.40028]
[0.86579 0.86579 0.86579 0.86579 0.86579 0.86579 0.86579 0.86579 0.86579 0.86579]
[1.05876 1.05876 1.05876 1.05876 1.05876 1.05876 1.05876 1.05876 1.05876 1.05876]
[1.08895 1.08895 1.08895 1.08895 1.08895 1.08895 1.08895 1.08895 1.08895 1.08895]
[0.126907 0.126907 0.126907 0.126907 0.126907 0.126907 0.126907 0.126907 0.126907 0.126907]
[0.896374 0.896374 0.896374 0.896374 0.896374 0.896374 0.896374 0.896374 0.896374 0.896374]
[0.906295 0.906295 0.906295 0.906295 0.906295 0.906295 0.906295 0.906295 0.906295 0.906295]
[1.07899 1.07899 1.07899 1.07899 1.07899 1.07899 1.07899 1.07899 1.07899 1.07899]
[0.874911 0.874911 0.874911 0.874911 0.874911 0.874911 0.874911 0.874911 0.874911 0.874911]
[0.539714 0.539714 0.539714 0.539714 0.539714 0.539714 0.539714 0.539714 0.539714 0.539714]
[0.885906 0.885906 0.885906 0.885906 0.885906 0.885906 0.885906 0.885906 0.885906 0.885906]
[1.14457 1.14457 1.14457 1.14457 1.14457 1.14457 1.14457 1.14457 1.14457 1.14457]
[1.1466 1.1466 1.1466 1.1466 1.1466 1.1466 1.1466 1.1466 1.1466 1.1466]
[1.23211 1.23211 1.23211 1.23211 1.23211 1.23211 1.23211 1.23211 1.23211 1.23211]
[0.785325 0.785325 0.785325 0.785325 0.785325 0.785325 0.785325 0.785325 0.785325 0.785325]
[1.70967 1.70967 1.70967 1.70967 1.70967 1.70967 1.70967 1.70967 1.70967 1.70967]
[1.13837 1.13837 1.13837 1.13837 1.13837 1.13837 1.13837 1.13837 1.13837 1.13837]
[1.04456 1.04456 1.04456 1.04456 1.04456 1.04456 1.04456 1.04456 1.04456 1.04456]
[1.04966 1.04966 1.04966 1.04966 1.04966 1.04966 1.04966 1.04966 1.04966 1.04966]
[0.353036 0.353036 0.353036 0.353036 0.353036 0.353036 0.353036 0.353036 0.353036 0.353036]
[0.516763 0.516763 0.516763 0.516763 0.516763 0.516763 0.516763 0.516763 0.516763 0.516763]
[0.851165 0.851165 0.851165 0.851165 0.851165 0.851165 0.851165 0.851165 0.851165 0.851165]
[1.06388 1.06388 1.06388 1.06388 1.06388 1.06388 1.06388 1.06388 1.06388 1.06388]
[1.50407 1.50407 1.50407 1.50407 1.50407 1.50407 1.50407 1.50407 1.50407 1.50407]
[1.79988 1.79988 1.79988 1.79988 1.79988 1.79988 1.79988 1.79988 1.79988 1.79988]
[0.96331 0.96331 0.96331 0.96331 0.96331 0.96331 0.96331 0.96331 0.96331 0.96331]
[1.01777 1.01777 1.01777 1.01777 1.01777 1.01777 1.01777 1.01777 1.01777 1.01777]
[0.660629 0.660629 0.660629 0.660629 0.660629 0.660629 0.660629 0.660629 0.660629 0.660629]
[0.758604 0.758604 0.758604 0.758604 0.758604 0.758604 0.758604 0.758604 0.758604 0.758604]
[1.32582 1.32582 1.32582 1.32582 1.32582 1.32582 1.32582 1.32582 1.32582 1.32582]
[0.979944 0.979944 0.979944 0.979944 0.979944 0.979944 0.979944 0.979944 0.979944 0.979944]
[0.0732148 0.0732148 0.0732148 0.0732148 0.0732148 0.0732148 0.0732148 0.0732148 0.0732148 0.0732148]
[1.29549 1.29549 1.29549 1.29549 1.29549 1.29549 1.29549 1.29549 1.29549 1.29549]
[0.66787 0.66787 0.66787 0.66787 0.66787 0.66787 0.66787 0.66787 0.66787 0.66787]
[0.851958 0.851958 0.851958 0.851958 0.851958 0.851958 0.851958 0.851958 0.851958 0.851958]
[1.23749 1.23749 1.23749 1.23749 1.23749 1.23749 1.23749 1.23749 1.23749 1.23749]
[0.150779 0.150779 0.150779 0.150779 0.150779 0.150779 0.150779 0.150779 0.150779 0.150779]
[0.467302 0.467302 0.467302 0.467302 0.467302 0.467302 0.467302 0.467302 0.467302 0.467302]
[1.39653 1.39653 1.39653 1.39653 1.39653 1.39653 1.39653 1.39653 1.39653 1.39653]
[1.01399 1.01399 1.01399 1.01399 1.01399 1.01399 1.01399 1.01399 1.01399 1.01399]
[0.437845 0.437845 0.437845 0.437845 0.437845 0.437845 0.437845 0.437845 0.437845 0.437845]
[0.429017 0.429017 0.429017 0.429017 0.429017 0.429017 0.429017 0.429017 0.429017 0.429017]
[1.1095 1.1095 1.1095 1.1095 1.1095 1.1095 1.1095 1.1095 1.1095 1.1095]
[0.537684 0.537684 0.537684 0.537684 0.537684 0.537684 0.537684 0.537684 0.537684 0.537684]
[0.875771 0.875771 0.875771 0.875771 0.875771 0.875771 0.875771 0.875771 0.875771 0.875771]
[1.67951 1.67951 1.67951 1.67951 1.67951 1.67951 1.67951 1.67951 1.67951 1.67951]
[1.44208 1.44208 1.44208 1.44208 1.44208 1.44208 1.44208 1.44208 1.44208 1.44208]
[0.727822 0.727822 0.727822 0.727822 0.727822 0.727822 0.727822 0.727822 0.727822 0.727822]
[0.724345 0.724345 0.724345 0.724345 0.724345 0.724345 0.724345 0.724345 0.724345 0.724345]
[0.989405 0.989405 0.989405 0.989405 0.989405 0.989405 0.989405 0.989405 0.989405 0.989405]
[1.24026 1.24026 1.24026 1.24026 1.24026 1.24026 1.24026 1.24026 1.24026 1.24026]
[0.766662 0.766662 0.766662 0.766662 0.766662 0.766662 0.766662 0.766662 0.766662 0.766662]
[0.804076 0.804076 0.804076 0.804076 0.804076 0.804076 0.804076 0.804076 0.804076 0.804076]
[1.00164 1.00164 1.00164 1.00164 1.00164 1.00164 1.00164 1.00164 1.00164 1.00164]
[1.13075 1.13075 1.13075 1.13075 1.13075 1.13075 1.13075 1.13075 1.13075 1.13075]
[0.307615 0.307615 0.307615 0.307615 0.307615 0.307615 0.307615 0.307615 0.307615 0.307615]
[0.612368 0.612368 0.612368 0.612368 0.612368 0.612368 0.612368 0.612368 0.612368 0.612368]
[1.36714 1.36714 1.36714 1.36714 1.36714 1.36714 1.36714 1.36714 1.36714 1.36714]
[1.96679 1.96679 1.96679 1.96679 1.96679 1.96679 1.96679 1.96679 1.96679 1.96679]
[1.20733 1.20733 1.20733 1.20733 1.20733 1.20733 1.20733 1.20733 1.20733 1.20733]
[1.89695 1.89695 1.89695 1.89695 1.89695 1.89695 1.89695 1.89695 1.89695 1.89695]
[1.3702 1.3702 1.3702 1.3702 1.3702 1.3702 1.3702 1.3702 1.3702 1.3702]
[0.383144 0.383144 0.383144 0.383144 0.383144 0.383144 0.383144 0.383144 0.383144 0.383144]
[0.272133 0.272133 0.272133 0.272133 0.272133 0.272133 0.272133 0.272133 0.272133 0.272133]
[0.67474 0.67474 0.67474 0.67474 0.67474 0.67474 0.67474 0.67474 0.67474 0.67474]
[0.993011 0.993011 0.993011 0.993011 0.993011 0.993011 0.993011 0.993011 0.993011 0.993011]
[0.953354 0.953354 0.953354 0.953354 0.953354 0.953354 0.953354 0.953354 0.953354 0.953354]
[0.954638 0.954638 0.954638 0.954638 0.954638 0.954638 0.954638 0.954638 0.954638 0.954638]
[0.892636 0.892636 0.892636 0.892636 0.892636 0.892636 0.892636 0.892636 0.892636 0.892636]
[1.04464 1.04464 1.04464 1.04464 1.04464 1.04464 1.04464 1.04464 1.04464 1.04464]
[1.25989 1.25989 1.25989 1.25989 1.25989 1.25989 1.25989 1.25989 1.25989 1.25989]
[0.49951 0.49951 0.49951 0.49951 0.49951 0.49951 0.49951 0.49951 0.49951 0.49951]
[0.808164 0.808164 0.808164 0.808164 0.808164 0.808164 0.808164 0.808164 0.808164 0.808164]
[0.479136 0.479136 0.479136 0.479136 0.479136 0.479136 0.479136 0.479136 0.479136 0.479136]
[0.847478 0.847478 0.847478 0.847478 0.847478 0.847478 0.847478 0.847478 0.847478 0.847478]
[0.879109 0.879109 0.879109 0.879109 0.879109 0.879109 0.879109 0.879109 0.879109 0.879109]
[0.880465 0.880465 0.880465 0.880465 0.880465 0.880465 0.880465 0.880465 0.880465 0.880465]
[1.24746 1.24746 1.24746 1.24746 1.24746 1.24746 1.24746 1.24746 1.24746 1.24746]
[1.6192 1.6192 1.6192 1.6192 1.6192 1.6192 1.6192 1.6192 1.6192 1.6192]
[0.669943 0.669943 0.669943 0.669943 0.669943 0.669943 0.669943 0.669943 0.669943 0.669943]
[1.06517 1.06517 1.06517 1.06517 1.06517 1.06517 1.06517 1.06517 1.06517 1.06517]
[0.638446 0.638446 0.638446 0.638446 0.638446 0.638446 0.638446 0.638446 0.638446 0.638446]
[0.314811 0.314811 0.314811 0.314811 0.314811 0.314811 0.314811 0.314811 0.314811 0.314811]
[0.520055 0.520055 0.520055 0.520055 0.520055 0.520055 0.520055 0.520055 0.520055 0.520055]
[0.981062 0.981062 0.981062 0.981062 0.981062 0.981062 0.981062 0.981062 0.981062 0.981062]
[1.45147 1.45147 1.45147 1.45147 1.45147 1.45147 1.45147 1.45147 1.45147 1.45147]
[1.12523 1.12523 1.12523 1.12523 1.12523 1.12523 1.12523 1.12523 1.12523 1.12523]
[0.728637 0.728637 0.728637 0.728637 0.728637 0.728637 0.728637 0.728637 0.728637 0.728637]
[1.04512 1.04512 1.04512 1.04512 1.04512 1.04512 1.04512 1.04512 1.04512 1.04512]
[0.606907 0.606907 0.606907 0.606907 0.606907 0.606907 0.606907 0.606907 0.606907 0.606907]
[0.736824 0.736824 0.736824 0.736824 0.736824 0.736824 0.736824 0.736824 0.736824 0.736824]
[0.449326 0.449326 0.449326 0.449326 0.449326 0.449326 0.449326 0.449326 0.449326 0.449326]
[0.443427 0.443427 0.443427 0.443427 0.443427 0.443427 0.443427 0.443427 0.443427 0.443427]
[0.426828 0.426828 0.426828 0.426828 0.426828 0.426828 0.426828 0.426828 0.426828 0.426828]
[1.53294 1.53294 1.53294 1.53294 1.53294 1.53294 1.53294 1.53294 1.53294 1.53294]
[0.699142 0.699142 0.699142 0.699142 0.699142 0.699142 0.699142 0.699142 0.699142 0.699142]
[0.953292 0.953292 0.953292 0.953292 0.953292 0.953292 0.953292 0.953292 0.953292 0.953292]
[0.957018 0.957018 0.957018 0.957018 0.957018 0.957018 0.957018 0.957018 0.957018 0.957018]
[0.959916 0.959916 0.959916 0.959916 0.959916 0.959916 0.959916 0.959916 0.959916 0.959916]
[1.06571 1.06571 1.06571 1.06571 1.06571 1.06571 1.06571 1.06571 1.06571 1.06571]
[1.11307 1.11307 1.11307 1.11307 1.11307 1.11307 1.11307 1.11307 1.11307 1.11307]
[0.237283 0.237283 0.237283 0.237283 0.237283 0.237283 0.237283 0.237283 0.237283 0.237283]
[1.17994 1.17994 1.17994 1.17994 1.17994 1.17994 1.17994 1.17994 1.17994 1.17994]
[1.23621 1.23621 1.23621 1.23621 1.23621 1.23621 1.23621 1.23621 1.23621 1.23621]
[1.06498 1.06498 1.06498 1.06498 1.06498 1.06498 1.06498 1.06498 1.06498 1.06498]
[0.952499 0.952499 0.952499 0.952499 0.952499 0.952499 0.952499 0.952499 0.952499 0.952499]
[0.653681 0.653681 0.653681 0.653681 0.653681 0.653681 0.653681 0.653681 0.653681 0.653681]
[0.308092 0.308092 0.308092 0.308092 0.308092 0.308092 0.308092 0.308092 0.308092 0.308092]
[0.155601 0.155601 0.155601 0.155601 0.155601 0.155601 0.155601 0.155601 0.155601 0.155601]
[0.620936 0.620936 0.620936 0.620936 0.620936 0.620936 0.620936 0.620936 0.620936 0.620936]
[0.184073 0.184073 0.184073 0.184073 0.184073 0.184073 0.184073 0.184073 0.184073 0.184073]
[1.17369 1.17369 1.17369 1.17369 1.17369 1.17369 1.17369 1.17369 1.17369 1.17369]
[1.02578 1.02578 1.02578 1.02578 1.02578 1.02578 1.02578 1.02578 1.02578 1.02578]
[1.45584 1.45584 1.45584 1.45584 1.45584 1.45584 1.45584 1.45584 1.45584 1.45584]
[1.10107 1.10107 1.10107 1.10107 1.10107 1.10107 1.10107 1.10107 1.10107 1.10107]
[0.67831 0.67831 0.67831 0.67831 0.67831 0.67831 0.67831 0.67831 0.67831 0.67831]
[1.58895 1.58895 1.58895 1.58895 1.58895 1.58895 1.58895 1.58895 1.58895 1.58895]
[0.304333 0.304333 0.304333 0.304333 0.304333 0.304333 0.304333 0.304333 0.304333 0.304333]
[1.29854 1.29854 1.29854 1.29854 1.29854 1.29854 1.29854 1.29854 1.29854 1.29854]
[0.679108 0.679108 0.679108 0.679108 0.679108 0.679108 0.679108 0.679108 0.679108 0.679108]
[1.00438 1.00438 1.00438 1.00438 1.00438 1.00438 1.00438 1.00438 1.00438 1.00438]
[0.606725 0.606725 0.606725 0.606725 0.606725 0.606725 0.606725 0.606725 0.606725 0.606725]
[1.11189 1.11189 1.11189 1.11189 1.11189 1.11189 1.11189 1.11189 1.11189 1.11189]
[1.67676 1.67676 1.67676 1.67676 1.67676 1.67676 1.67676 1.67676 1.67676 1.67676]
[0.1618 0.1618 0.1618 0.1618 0.1618 0.1618 0.1618 0.1618 0.1618 0.1618]
[0.68217 0.68217 0.68217 0.68217 0.68217 0.68217 0.68217 0.68217 0.68217 0.68217]
[1.24782 1.24782 1.24782 1.24782 1.24782 1.24782 1.24782 1.24782 1.24782 1.24782]
[1.22495 1.22495 1.22495 1.22495 1.22495 1.22495 1.22495 1.22495 1.22495 1.22495]
[0.996077 0.996077 0.996077 0.996077 0.996077 0.996077 0.996077 0.996077 0.996077 0.996077]
[0.53163 0.53163 0.53163 0.53163 0.53163 0.53163 0.53163 0.53163 0.53163 0.53163]
[1.47918 1.47918 1.47918 1.47918 1.47918 1.47918 1.47918 1.47918 1.47918 1.47918]
[1.40164 1.40164 1.40164 1.40164 1.40164 1.40164 1.40164 1.40164 1.40164 1.40164]
[1.09042 1.09042 1.09042 1.09042 1.09042 1.09042 1.09042 1.09042 1.09042 1.09042]
[0.215857 0.215857 0.215857 0.215857 0.215857 0.215857 0.215857 0.215857 0.215857 0.215857]
[1.11075 1.11075 1.11075 1.11075 1.11075 1.11075 1.11075 1.11075 1.11075 1.11075]
[0.765989 0.765989 0.765989 0.765989 0.765989 0.765989 0.765989 0.765989 0.765989 0.765989]
[0.881474 0.881474 0.881474 0.881474 0.881474 0.881474 0.881474 0.881474 0.881474 0.881474]
[0.954565 0.954565 0.954565 0.954565 0.954565 0.954565 0.954565 0.954565 0.954565 0.954565]
[0.374586 0.374586 0.374586 0.374586 0.374586 0.374586 0.374586 0.374586 0.374586 0.374586]
[0.253256 0.253256 0.253256 0.253256 0.253256 0.253256 0.253256 0.253256 0.253256 0.253256]
[1.17522 1.17522 1.17522 1.17522 1.17522 1.17522 1.17522 1.17522 1.17522 1.17522]
[1.09882 1.09882 1.09882 1.09882 1.09882 1.09882 1.09882 1.09882 1.09882 1.09882]
[0.626917 0.626917 0.626917 0.626917 0.626917 0.626917 0.626917 0.626917 0.626917 0.626917]
[0.779107 0.779107 0.779107 0.779107 0.779107 0.779107 0.779107 0.779107 0.779107 0.779107]
[0.656827 0.656827 0.656827 0.656827 0.656827 0.656827 0.656827 0.656827 0.656827 0.656827]
[1.92177 1.92177 1.92177 1.92177 1.92177 1.92177 1.92177 1.92177 1.92177 1.92177]
[0.617006 0.617006 0.617006 0.617006 0.617006 0.617006 0.617006 0.617006 0.617006 0.617006]
[0.366138 0.366138 0.366138 0.366138 0.366138 0.366138 0.366138 0.366138 0.366138 0.366138]
[0.406873 0.406873 0.406873 0.406873 0.406873 0.406873 0.406873 0.406873 0.406873 0.406873]
[1.00468 1.00468 1.00468 1.00468 1.00468 1.00468 1.00468 1.00468 1.00468 1.00468]
[1.58019 1.58019 1.58019 1.58019 1.58019 1.58019 1.58019 1.58019 1.58019 1.58019]
[0.767427 0.767427 0.767427 0.767427 0.767427 0.767427 0.767427 0.767427 0.767427 0.767427]
[1.95806 1.95806 1.95806 1.95806 1.95806 1.95806 1.95806 1.95806 1.95806 1.95806]
[0.814932 0.814932 0.814932 0.814932 0.814932 0.814932 0.814932 0.814932 0.814932 0.814932]
[1.51592 1.51592 1.51592 1.51592 1.51592 1.51592 1.51592 1.51592 1.51592 1.51592]
[0.614133 0.614133 0.614133 0.614133 0.614133 0.614133 0.614133 0.614133 0.614133 0.614133]
[0.782969 0.782969 0.782969 0.782969 0.782969 0.782969 0.782969 0.782969 0.782969 0.782969]
[1.2925 1.2925 1.2925 1.2925 1.2925 1.2925 1.2925 1.2925 1.2925 1.2925]
[0.808805 0.808805 0.808805 0.808805 0.808805 0.808805 0.808805 0.808805 0.808805 0.808805]
[1.51021 1.51021 1.51021 1.51021 1.51021 1.51021 1.51021 1.51021 1.51021 1.51021]
[1.09045 1.09045 1.09045 1.09045 1.09045 1.09045 1.09045 1.09045 1.09045 1.09045]
[1.31449 1.31449 1.31449 1.31449 1.31449 1.31449 1.31449 1.31449 1.31449 1.31449]
[1.72961 1.72961 1.72961 1.72961 1.72961 1.72961 1.72961 1.72961 1.72961 1.72961]
[0.774861 0.774861 0.774861 0.774861 0.774861 0.774861 0.774861 0.774861 0.774861 0.774861]
[0.818715 0.818715 0.818715 0.818715 0.818715 0.818715 0.818715 0.818715 0.818715 0.818715]
[0.173902 0.173902 0.173902 0.173902 0.173902 0.173902 0.173902 0.173902 0.173902 0.173902]
[0.121943 0.121943 0.121943 0.121943 0.121943 0.121943 0.121943 0.121943 0.121943 0.121943]
[0.723025 0.723025 0.723025 0.723025 0.723025 0.723025 0.723025 0.723025 0.723025 0.723025]
[0.786044 0.786044 0.786044 0.786044 0.786044 0.786044 0.786044 0.786044 0.786044 0.786044]
[0.710575 0.710575 0.710575 0.710575 0.710575 0.710575 0.710575 0.710575 0.710575 0.710575]
[1.60209 1.60209 1.60209 1.60209 1.60209 1.60209 1.60209 1.60209 1.60209 1.60209]
[0.322052 0.322052 0.322052 0.322052 0.322052 0.322052 0.322052 0.322052 0.322052 0.322052]
[0.429762 0.429762 0.429762 0.429762 0.429762 0.429762 0.429762 0.429762 0.429762 0.429762]
[0.741189 0.741189 0.741189 0.741189 0.741189 0.741189 0.741189 0.741189 0.741189 0.741189]
[0.35603 0.35603 0.35603 0.35603 0.35603 0.35603 0.35603 0.35603 0.35603 0.35603]
[0.069448 0.069448 0.069448 0.069448 0.069448 0.069448 0.069448 0.069448 0.069448 0.069448]
[0.368799 0.368799 0.368799 0.368799 0.368799 0.368799 0.368799 0.368799 0.368799 0.368799]
[0.185855 0.185855 0.185855 0.185855 0.185855 0.185855 0.185855 0.185855 0.185855 0.185855]
[1.1119 1.1119 1.1119 1.1119 1.1119 1.1119 1.1119 1.1119 1.1119 1.1119]
[0.971361 0.971361 0.971361 0.971361 0.971361 0.971361 0.971361 0.971361 0.971361 0.971361]
[0.155833 0.155833 0.155833 0.155833 0.155833 0.155833 0.155833 0.155833 0.155833 0.155833]
[1.65607 1.65607 1.65607 1.65607 1.65607 1.65607 1.65607 1.65607 1.65607 1.65607]
[0.762932 0.762932 0.762932 0.762932 0.762932 0.762932 0.762932 0.762932 0.762932 0.762932]
[0.93131 0.93131 0.93131 0.93131 0.93131 0.93131 0.93131 0.93131 0.93131 0.93131]
[0.868904 0.868904 0.868904 0.868904 0.868904 0.868904 0.868904 0.868904 0.868904 0.868904]
[1.39605 1.39605 1.39605 1.39605 1.39605 1.39605 1.39605 1.39605 1.39605 1.39605]
[1.97814 1.97814 1.97814 1.97814 1.97814 1.97814 1.97814 1.97814 1.97814 1.97814]
[0.461907 0.461907 0.461907 0.461907 0.461907 0.461907 0.461907 0.461907 0.461907 0.461907]
[1.49468 1.49468 1.49468 1.49468 1.49468 1.49468 1.49468 1.49468 1.49468 1.49468]
[1.41841 1.41841 1.41841 1.41841 1.41841 1.41841 1.41841 1.41841 1.41841 1.41841]
[1.11588 1.11588 1.11588 1.11588 1.11588 1.11588 1.11588 1.11588 1.11588 1.11588]
[0.999273 0.999273 0.999273 0.999273 0.999273 0.999273 0.999273 0.999273 0.999273 0.999273]
[0.776856 0.776856 0.776856 0.776856 0.776856 0.776856 0.776856 0.776856 0.776856 0.776856]
[0.130574 0.130574 0.130574 0.130574 0.130574 0.130574 0.130574 0.130574 0.130574 0.130574]
[1.60811 1.60811 1.60811 1.60811 1.60811 1.60811 1.60811 1.60811 1.60811 1.60811]
[1.57583 1.57583 1.57583 1.57583 1.57583 1.57583 1.57583 1.57583 1.57583 1.57583]
[1.43179 1.43179 1.43179 1.43179 1.43179 1.43179 1.43179 1.43179 1.43179 1.43179]
[0.453764 0.453764 0.453764 0.453764 0.453764 0.453764 0.453764 0.453764 0.453764 0.453764]
[1.2241 1.2241 1.2241 1.2241 1.2241 1.2241 1.2241 1.2241 1.2241 1.2241]
[0.181288 0.181288 0.181288 0.181288 0.181288 0.181288 0.181288 0.181288 0.181288 0.181288]
[0.146188 0.146188 0.146188 0.146188 0.146188 0.146188 0.146188 0.146188 0.146188 0.146188]
[1.6225 1.6225 1.6225 1.6225 1.6225 1.6225 1.6225 1.6225 1.6225 1.6225]
[1.42344 1.42344 1.42344 1.42344 1.42344 1.42344 1.42344 1.42344 1.42344 1.42344]
[1.81165 1.81165 1.81165 1.81165 1.81165 1.81165 1.81165 1.81165 1.81165 1.81165]
[0.569573 0.569573 0.569573 0.569573 0.569573 0.569573 0.569573 0.569573 0.569573 0.569573]
[0.569272 0.569272 0.569272 0.569272 0.569272 0.569272 0.569272 0.569272 0.569272 0.569272]
[1.30311 1.30311 1.30311 1.30311 1.30311 1.30311 1.30311 1.30311 1.30311 1.30311]
[1.38055 1.38055 1.38055 1.38055 1.38055 1.38055 1.38055 1.38055 1.38055 1.38055]
[0.96157 0.96157 0.96157 0.96157 0.96157 0.96157 0.96157 0.96157 0.96157 0.96157]
[0.26047 0.26047 0.26047 0.26047 0.26047 0.26047 0.26047 0.26047 0.26047 0.26047]
[0.875404 0.875404 0.875404 0.875404 0.875404 0.875404 0.875404 0.875404 0.875404 0.875404]
[0.819199 0.819199 0.819199 0.819199 0.819199 0.819199 0.819199 0.819199 0.819199 0.819199]
[0.610804 0.610804 0.610804 0.610804 0.610804 0.610804 0.610804 0.610804 0.610804 0.610804]
[0.291604 0.291604 0.291604 0.291604 0.291604 0.291604 0.291604 0.291604 0.291604 0.291604]
[1.27226 1.27226 1.27226 1.27226 1.27226 1.27226 1.27226 1.27226 1.27226 1.27226]
[0.919551 0.919551 0.919551 0.919551 0.919551 0.919551 0.919551 0.919551 0.919551 0.919551]
[1.1147 1.1147 1.1147 1.1147 1.1147 1.1147 1.1147 1.1147 1.1147 1.1147]
[1.6309 1.6309 1.6309 1.6309 1.6309 1.6309 1.6309 1.6309 1.6309 1.6309]
[0.361544 0.361544 0.361544 0.361544 0.361544 0.361544 0.361544 0.361544 0.361544 0.361544]
[1.34615 1.34615 1.34615 1.34615 1.34615 1.34615 1.34615 1.34615 1.34615 1.34615]
[0.885163 0.885163 0.885163 0.885163 0.885163 0.885163 0.885163 0.885163 0.885163 0.885163]
[0.951763 0.951763 0.951763 0.951763 0.951763 0.951763 0.951763 0.951763 0.951763 0.951763]
[0.347729 0.347729 0.347729 0.347729 0.347729 0.347729 0.347729 0.347729 0.347729 0.347729]
[1.11046 1.11046 1.11046 1.11046 1.11046 1.11046 1.11046 1.11046 1.11046 1.11046]
[1.11745 1.11745 1.11745 1.11745 1.11745 1.11745 1.11745 1.11745 1.11745 1.11745]
[1.19191 1.19191 1.19191 1.19191 1.19191 1.19191 1.19191 1.19191 1.19191 1.19191]
[1.05024 1.05024 1.05024 1.05024 1.05024 1.05024 1.05024 1.05024 1.05024 1.05024]
[1.36311 1.36311 1.36311 1.36311 1.36311 1.36311 1.36311 1.36311 1.36311 1.36311]
[0.731004 0.731004 0.731004 0.731004 0.731004 0.731004 0.731004 0.731004 0.731004 0.731004]
[1.55385 1.55385 1.55385 1.55385 1.55385 1.55385 1.55385 1.55385 1.55385 1.55385]
[1.1345 1.1345 1.1345 1.1345 1.1345 1.1345 1.1345 1.1345 1.1345 1.1345]
[0.555435 0.555435 0.555435 0.555435 0.555435 0.555435 0.555435 0.555435 0.555435 0.555435]
[0.916927 0.916927 0.916927 0.916927 0.916927 0.916927 0.916927 0.916927 0.916927 0.916927]
[0.655692 0.655692 0.655692 0.655692 0.655692 0.655692 0.655692 0.655692 0.655692 0.655692]
[1.1686 1.1686 1.1686 1.1686 1.1686 1.1686 1.1686 1.1686 1.1686 1.1686]
[0.907449 0.907449 0.907449 0.907449 0.907449 0.907449 0.907449 0.907449 0.907449 0.907449]
[0.338831 0.338831 0.338831 0.338831 0.338831 0.338831 0.338831 0.338831 0.338831 0.338831]
[1.12072 1.12072 1.12072 1.12072 1.12072 1.12072 1.12072 1.12072 1.12072 1.12072]
[2.23677 2.23677 2.23677 2.23677 2.23677 2.23677 2.23677 2.23677 2.23677 2.23677]
[0.379611 0.379611 0.379611 0.379611 0.379611 0.379611 0.379611 0.379611 0.379611 0.379611]
[0.794565 0.794565 0.794565 0.794565 0.794565 0.794565 0.794565 0.794565 0.794565 0.794565]
[1.04543 1.04543 1.04543 1.04543 1.04543 1.04543 1.04543 1.04543 1.04543 1.04543]
[0.532401 0.532401 0.532401 0.532401 0.532401 0.532401 0.532401 0.532401 0.532401 0.532401]
[0.678827 0.678827 0.678827 0.678827 0.678827 0.678827 0.678827 0.678827 0.678827 0.678827]
[0.501541 0.501541 0.501541 0.501541 0.501541 0.501541 0.501541 0.501541 0.501541 0.501541]
[0.29313 0.29313 0.29313 0.29313 0.29313 0.29313 0.29313 0.29313 0.29313 0.29313]
[0.957472 0.957472 0.957472 0.957472 0.957472 0.957472 0.957472 0.957472 0.957472 0.957472]
[0.973644 0.973644 0.973644 0.973644 0.973644 0.973644 0.973644 0.973644 0.973644 0.973644]
[1.54668 1.54668 1.54668 1.54668 1.54668 1.54668 1.54668 1.54668 1.54668 1.54668]
[0.740729 0.740729 0.740729 0.740729 0.740729 0.740729 0.740729 0.740729 0.740729 0.740729]
[0.105031 0.105031 0.105031 0.105031 0.105031 0.105031 0.105031 0.105031 0.105031 0.105031]
[1.2892 1.2892 1.2892 1.2892 1.2892 1.2892 1.2892 1.2892 1.2892 1.2892]
[1.02783 1.02783 1.02783 1.02783 1.02783 1.02783 1.02783 1.02783 1.02783 1.02783]
[1.12669 1.12669 1.12669 1.12669 1.12669 1.12669 1.12669 1.12669 1.12669 1.12669]
[0.0687018 0.0687018 0.0687018 0.0687018 0.0687018 0.0687018 0.0687018 0.0687018 0.0687018 0.0687018]
[1.5721 1.5721 1.5721 1.5721 1.5721 1.5721 1.5721 1.5721 1.5721 1.5721]
[0.817447 0.817447 0.817447 0.817447 0.817447 0.817447 0.817447 0.817447 0.817447 0.817447]
[0.265583 0.265583 0.265583 0.265583 0.265583 0.265583 0.265583 0.265583 0.265583 0.265583]
[1.24012 1.24012 1.24012 1.24012 1.24012 1.24012 1.24012 1.24012 1.24012 1.24012]
[0.927006 0.927006 0.927006 0.927006 0.927006 0.927006 0.927006 0.927006 0.927006 0.927006]
[0.591108 0.591108 0.591108 0.591108 0.591108 0.591108 0.591108 0.591108 0.591108 0.591108]
[1.35116 1.35116 1.35116 1.35116 1.35116 1.35116 1.35116 1.35116 1.35116 1.35116]
[0.846869 0.846869 0.846869 0.846869 0.846869 0.846869 0.846869 0.846869 0.846869 0.846869]
[1.56943 1.56943 1.56943 1.56943 1.56943 1.56943 1.56943 1.56943 1.56943 1.56943]
[1.04437 1.04437 1.04437 1.04437 1.04437 1.04437 1.04437 1.04437 1.04437 1.04437]
[0.579564 0.579564 0.579564 0.579564 0.579564 0.579564 0.579564 0.579564 0.579564 0.579564]
[1.25292 1.25292 1.25292 1.25292 1.25292 1.25292 1.25292 1.25292 1.25292 1.25292]
[1.99879 1.99879 1.99879 1.99879 1.99879 1.99879 1.99879 1.99879 1.99879 1.99879]
[0.240111 0.240111 0.240111 0.240111 0.240111 0.240111 0.240111 0.240111 0.240111 0.240111]
[0.834612 0.834612 0.834612 0.834612 0.834612 0.834612 0.834612 0.834612 0.834612 0.834612]
[0.214092 0.214092 0.214092 0.214092 0.214092 0.214092 0.214092 0.214092 0.214092 0.214092]
[1.34385 1.34385 1.34385 1.34385 1.34385 1.34385 1.34385 1.34385 1.34385 1.34385]
[1.15579 1.15579 1.15579 1.15579 1.15579 1.15579 1.15579 1.15579 1.15579 1.15579]
[1.06165 1.06165 1.06165 1.06165 1.06165 1.06165 1.06165 1.06165 1.06165 1.06165]
[0.462017 0.462017 0.462017 0.462017 0.462017 0.462017 0.462017 0.462017 0.462017 0.462017]
[0.886219 0.886219 0.886219 0.886219 0.886219 0.886219 0.886219 0.886219 0.886219 0.886219]
[0.873889 0.873889 0.873889 0.873889 0.873889 0.873889 0.873889 0.873889 0.873889 0.873889]
[1.11964 1.11964 1.11964 1.11964 1.11964 1.11964 1.11964 1.11964 1.11964 1.11964]
[0.404792 0.404792 0.404792 0.404792 0.404792 0.404792 0.404792 0.404792 0.404792 0.404792]
[0.904213 0.904213 0.904213 0.904213 0.904213 0.904213 0.904213 0.904213 0.904213 0.904213]
[1.18575 1.18575 1.18575 1.18575 1.18575 1.18575 1.18575 1.18575 1.18575 1.18575]
[1.4295 1.4295 1.4295 1.4295 1.4295 1.4295 1.4295 1.4295 1.4295 1.4295]
[0.481283 0.481283 0.481283 0.481283 0.481283 0.481283 0.481283 0.481283 0.481283 0.481283]
[0.945951 0.945951 0.945951 0.945951 0.945951 0.945951 0.945951 0.945951 0.945951 0.945951]
[0.429274 0.429274 0.429274 0.429274 0.429274 0.429274 0.429274 0.429274 0.429274 0.429274]
[0.550078 0.550078 0.550078 0.550078 0.550078 0.550078 0.550078 0.550078 0.550078 0.550078]
[1.09017 1.09017 1.09017 1.09017 1.09017 1.09017 1.09017 1.09017 1.09017 1.09017]
[0.73699 0.73699 0.73699 0.73699 0.73699 0.73699 0.73699 0.73699 0.73699 0.73699]
[1.06935 1.06935 1.06935 1.06935 1.06935 1.06935 1.06935 1.06935 1.06935 1.06935]
[0.776087 0.776087 0.776087 0.776087 0.776087 0.776087 0.776087 0.776087 0.776087 0.776087]
[0.408023 0.408023 0.408023 0.408023 0.408023 0.408023 0.408023 0.408023 0.408023 0.408023]
[1.59599 1.59599 1.59599 1.59599 1.59599 1.59599 1.59599 1.59599 1.59599 1.59599]
[2.45176 2.45176 2.45176 2.45176 2.45176 2.45176 2.45176 2.45176 2.45176 2.45176]
[0.349934 0.349934 0.349934 0.349934 0.349934 0.349934 0.349934 0.349934 0.349934 0.349934]
[0.724737 0.724737 0.724737 0.724737 0.724737 0.724737 0.724737 0.724737 0.724737 0.724737]
[0.590773 0.590773 0.590773 0.590773 0.590773 0.590773 0.590773 0.590773 0.590773 0.590773]
[0.941641 0.941641 0.941641 0.941641 0.941641 0.941641 0.941641 0.941641 0.941641 0.941641]
[0.662289 0.662289 0.662289 0.662289 0.662289 0.662289 0.662289 0.662289 0.662289 0.662289]
[1.1683 1.1683 1.1683 1.1683 1.1683 1.1683 1.1683 1.1683 1.1683 1.1683]
[1.12061 1.12061 1.12061 1.12061 1.12061 1.12061 1.12061 1.12061 1.12061 1.12061]
[0.535956 0.535956 0.535956 0.535956 0.535956 0.535956 0.535956 0.535956 0.535956 0.535956]
[1.13297 1.13297 1.13297 1.13297 1.13297 1.13297 1.13297 1.13297 1.13297 1.13297]
[0.737135 0.737135 0.737135 0.737135 0.737135 0.737135 0.737135 0.737135 0.737135 0.737135]
[0.792335 0.792335 0.792335 0.792335 0.792335 0.792335 0.792335 0.792335 0.792335 0.792335]
[0.418552 0.418552 0.418552 0.418552 0.418552 0.418552 0.418552 0.418552 0.418552 0.418552]
[0.367636 0.367636 0.367636 0.367636 0.367636 0.367636 0.367636 0.367636 0.367636 0.367636]
[0.366753 0.366753 0.366753 0.366753 0.366753 0.366753 0.366753 0.366753 0.366753 0.366753]
[0.724381 0.724381 0.724381 0.724381 0.724381 0.724381 0.724381 0.724381 0.724381 0.724381]
[1.05175 1.05175 1.05175 1.05175 1.05175 1.05175 1.05175 1.05175 1.05175 1.05175]
[0.691145 0.691145 0.691145 0.691145 0.691145 0.691145 0.691145 0.691145 0.691145 0.691145]
[0.297048 0.297048 0.297048 0.297048 0.297048 0.297048 0.297048 0.297048 0.297048 0.297048]
[1.24844 1.24844 1.24844 1.24844 1.24844 1.24844 1.24844 1.24844 1.24844 1.24844]
[0.679943 0.679943 0.679943 0.679943 0.679943 0.679943 0.679943 0.679943 0.679943 0.679943]
[1.67029 1.67029 1.67029 1.67029 1.67029 1.67029 1.67029 1.67029 1.67029 1.67029]
[0.81273 0.81273 0.81273 0.81273 0.81273 0.81273 0.81273 0.81273 0.81273 0.81273]
[1.6297 1.6297 1.6297 1.6297 1.6297 1.6297 1.6297 1.6297 1.6297 1.6297]
[0.667251 0.667251 0.667251 0.667251 0.667251 0.667251 0.667251 0.667251 0.667251 0.667251]
[1.07634 1.07634 1.07634 1.07634 1.07634 1.07634 1.07634 1.07634 1.07634 1.07634]
[1.62947 1.62947 1.62947 1.62947 1.62947 1.62947 1.62947 1.62947 1.62947 1.62947]
[1.13569 1.13569 1.13569 1.13569 1.13569 1.13569 1.13569 1.13569 1.13569 1.13569]
[0.932869 0.932869 0.932869 0.932869 0.932869 0.932869 0.932869 0.932869 0.932869 0.932869]
[1.10677 1.10677 1.10677 1.10677 1.10677 1.10677 1.10677 1.10677 1.10677 1.10677]
[0.473868 0.473868 0.473868 0.473868 0.473868 0.473868 0.473868 0.473868 0.473868 0.473868]
[0.104924 0.104924 0.104924 0.104924 0.104924 0.104924 0.104924 0.104924 0.104924 0.104924]
[1.38295 1.38295 1.38295 1.38295 1.38295 1.38295 1.38295 1.38295 1.38295 1.38295]
[0.86945 0.86945 0.86945 0.86945 0.86945 0.86945 0.86945 0.86945 0.86945 0.86945]
[1.1202 1.1202 1.1202 1.1202 1.1202 1.1202 1.1202 1.1202 1.1202 1.1202]
[0.542515 0.542515 0.542515 0.542515 0.542515 0.542515 0.542515 0.542515 0.542515 0.542515]
[0.4946 0.4946 0.4946 0.4946 0.4946 0.4946 0.4946 0.4946 0.4946 0.4946]
[0.610428 0.610428 0.610428 0.610428 0.610428 0.610428 0.610428 0.610428 0.610428 0.610428]
[0.998345 0.998345 0.998345 0.998345 0.998345 0.998345 0.998345 0.998345 0.998345 0.998345]
[0.7375 0.7375 0.7375 0.7375 0.7375 0.7375 0.7375 0.7375 0.7375 0.7375]
[0.514794 0.514794 0.514794 0.514794 0.514794 0.514794 0.514794 0.514794 0.514794 0.514794]
[1.04959 1.04959 1.04959 1.04959 1.04959 1.04959 1.04959 1.04959 1.04959 1.04959]
[1.16117 1.16117 1.16117 1.16117 1.16117 1.16117 1.16117 1.16117 1.16117 1.16117]
[1.31422 1.31422 1.31422 1.31422 1.31422 1.31422 1.31422 1.31422 1.31422 1.31422]
[0.68896 0.68896 0.68896 0.68896 0.68896 0.68896 0.68896 0.68896 0.68896 0.68896]
[0.857586 0.857586 0.857586 0.857586 0.857586 0.857586 0.857586 0.857586 0.857586 0.857586]
[0.686091 0.686091 0.686091 0.686091 0.686091 0.686091 0.686091 0.686091 0.686091 0.686091]
[0.98353 0.98353 0.98353 0.98353 0.98353 0.98353 0.98353 0.98353 0.98353 0.98353]
[0.844174 0.844174 0.844174 0.844174 0.844174 0.844174 0.844174 0.844174 0.844174 0.844174]
[1.05615 1.05615 1.05615 1.05615 1.05615 1.05615 1.05615 1.05615 1.05615 1.05615]
[0.642395 0.642395 0.642395 0.642395 0.642395 0.642395 0.642395 0.642395 0.642395 0.642395]
[0.664183 0.664183 0.664183 0.664183 0.664183 0.664183 0.664183 0.664183 0.664183 0.664183]
[0.790234 0.790234 0.790234 0.790234 0.790234 0.790234 0.790234 0.790234 0.790234 0.790234]
[1.19797 1.19797 1.19797 1.19797 1.19797 1.19797 1.19797 1.19797 1.19797 1.19797]
[0.621205 0.621205 0.621205 0.621205 0.621205 0.621205 0.621205 0.621205 0.621205 0.621205]
[0.741008 0.741008 0.741008 0.741008 0.741008 0.741008 0.741008 0.741008 0.741008 0.741008]
[0.588859 0.588859 0.588859 0.588859 0.588859 0.588859 0.588859 0.588859 0.588859 0.588859]
[1.39195 1.39195 1.39195 1.39195 1.39195 1.39195 1.39195 1.39195 1.39195 1.39195]
[1.24564 1.24564 1.24564 1.24564 1.24564 1.24564 1.24564 1.24564 1.24564 1.24564]
[1.77931 1.77931 1.77931 1.77931 1.77931 1.77931 1.77931 1.77931 1.77931 1.77931]
[0.787091 0.787091 0.787091 0.787091 0.787091 0.787091 0.787091 0.787091 0.787091 0.787091]
[0.407089 0.407089 0.407089 0.407089 0.407089 0.407089 0.407089 0.407089 0.407089 0.407089]
[1.12714 1.12714 1.12714 1.12714 1.12714 1.12714 1.12714 1.12714 1.12714 1.12714]
[1.29654 1.29654 1.29654 1.29654 1.29654 1.29654 1.29654 1.29654 1.29654 1.29654]
[0.991656 0.991656 0.991656 0.991656 0.991656 0.991656 0.991656 0.991656 0.991656 0.991656]
[1.45942 1.45942 1.45942 1.45942 1.45942 1.45942 1.45942 1.45942 1.45942 1.45942]
[0.808418 0.808418 0.808418 0.808418 0.808418 0.808418 0.808418 0.808418 0.808418 0.808418]
[0.789948 0.789948 0.789948 0.789948 0.789948 0.789948 0.789948 0.789948 0.789948 0.789948]
[0.730018 0.730018 0.730018 0.730018 0.730018 0.730018 0.730018 0.730018 0.730018 0.730018]
[1.39169 1.39169 1.39169 1.39169 1.39169 1.39169 1.39169 1.39169 1.39169 1.39169]
[0.268713 0.268713 0.268713 0.268713 0.268713 0.268713 0.268713 0.268713 0.268713 0.268713]
[1.10227 1.10227 1.10227 1.10227 1.10227 1.10227 1.10227 1.10227 1.10227 1.10227]
[1.21269 1.21269 1.21269 1.21269 1.21269 1.21269 1.21269 1.21269 1.21269 1.21269]
[0.224477 0.224477 0.224477 0.224477 0.224477 0.224477 0.224477 0.224477 0.224477 0.224477]
[0.697076 0.697076 0.697076 0.697076 0.697076 0.697076 0.697076 0.697076 0.697076 0.697076]
[0.240171 0.240171 0.240171 0.240171 0.240171 0.240171 0.240171 0.240171 0.240171 0.240171]
[1.3792 1.3792 1.3792 1.3792 1.3792 1.3792 1.3792 1.3792 1.3792 1.3792]
[0.991242 0.991242 0.991242 0.991242 0.991242 0.991242 0.991242 0.991242 0.991242 0.991242]
[1.61762 1.61762 1.61762 1.61762 1.61762 1.61762 1.61762 1.61762 1.61762 1.61762]
[1.37527 1.37527 1.37527 1.37527 1.37527 1.37527 1.37527 1.37527 1.37527 1.37527]
[1.00466 1.00466 1.00466 1.00466 1.00466 1.00466 1.00466 1.00466 1.00466 1.00466]
[0.617982 0.617982 0.617982 0.617982 0.617982 0.617982 0.617982 0.617982 0.617982 0.617982]
[1.44244 1.44244 1.44244 1.44244 1.44244 1.44244 1.44244 1.44244 1.44244 1.44244]
[0.738324 0.738324 0.738324 0.738324 0.738324 0.738324 0.738324 0.738324 0.738324 0.738324]
[1.05644 1.05644 1.05644 1.05644 1.05644 1.05644 1.05644 1.05644 1.05644 1.05644]
[0.601055 0.601055 0.601055 0.601055 0.601055 0.601055 0.601055 0.601055 0.601055 0.601055]
[0.692625 0.692625 0.692625 0.692625 0.692625 0.692625 0.692625 0.692625 0.692625 0.692625]
[1.40339 1.40339 1.40339 1.40339 1.40339 1.40339 1.40339 1.40339 1.40339 1.40339]
[0.984349 0.984349 0.984349 0.984349 0.984349 0.984349 0.984349 0.984349 0.984349 0.984349]
[0.465346 0.465346 0.465346 0.465346 0.465346 0.465346 0.465346 0.465346 0.465346 0.465346]
[1.86154 1.86154 1.86154 1.86154 1.86154 1.86154 1.86154 1.86154 1.86154 1.86154]
[1.22449 1.22449 1.22449 1.22449 1.22449 1.22449 1.22449 1.22449 1.22449 1.22449]
[0.488635 0.488635 0.488635 0.488635 0.488635 0.488635 0.488635 0.488635 0.488635 0.488635]
[0.580456 0.580456 0.580456 0.580456 0.580456 0.580456 0.580456 0.580456 0.580456 0.580456]
[1.03663 1.03663 1.03663 1.03663 1.03663 1.03663 1.03663 1.03663 1.03663 1.03663]
[0.596031 0.596031 0.596031 0.596031 0.596031 0.596031 0.596031 0.596031 0.596031 0.596031]
[1.05864 1.05864 1.05864 1.05864 1.05864 1.05864 1.05864 1.05864 1.05864 1.05864]
[1.91729 1.91729 1.91729 1.91729 1.91729 1.91729 1.91729 1.91729 1.91729 1.91729]
[1.05216 1.05216 1.05216 1.05216 1.05216 1.05216 1.05216 1.05216 1.05216 1.05216]
[1.00311 1.00311 1.00311 1.00311 1.00311 1.00311 1.00311 1.00311 1.00311 1.00311]
[0.596612 0.596612 0.596612 0.596612 0.596612 0.596612 0.596612 0.596612 0.596612 0.596612]
[0.421946 0.421946 0.421946 0.421946 0.421946 0.421946 0.421946 0.421946 0.421946 0.421946]
[1.37363 1.37363 1.37363 1.37363 1.37363 1.37363 1.37363 1.37363 1.37363 1.37363]
[0.477289 0.477289 0.477289 0.477289 0.477289 0.477289 0.477289 0.477289 0.477289 0.477289]
[0.742716 0.742716 0.742716 0.742716 0.742716 0.742716 0.742716 0.742716 0.742716 0.742716]
[0.11722 0.11722 0.11722 0.11722 0.11722 0.11722 0.11722 0.11722 0.11722 0.11722]
[1.16888 1.16888 1.16888 1.16888 1.16888 1.16888 1.16888 1.16888 1.16888 1.16888]
[0.895751 0.895751 0.895751 0.895751 0.895751 0.895751 0.895751 0.895751 0.895751 0.895751]
[1.39394 1.39394 1.39394 1.39394 1.39394 1.39394 1.39394 1.39394 1.39394 1.39394]
[0.884108 0.884108 0.884108 0.884108 0.884108 0.884108 0.884108 0.884108 0.884108 0.884108]
[0.384226 0.384226 0.384226 0.384226 0.384226 0.384226 0.384226 0.384226 0.384226 0.384226]
[0.245418 0.245418 0.245418 0.245418 0.245418 0.245418 0.245418 0.245418 0.245418 0.245418]
[0.118446 0.118446 0.118446 0.118446 0.118446 0.118446 0.118446 0.118446 0.118446 0.118446]
[1.15629 1.15629 1.15629 1.15629 1.15629 1.15629 1.15629 1.15629 1.15629 1.15629]
[0.91838 0.91838 0.91838 0.91838 0.91838 0.91838 0.91838 0.91838 0.91838 0.91838]
[1.02448 1.02448 1.02448 1.02448 1.02448 1.02448 1.02448 1.02448 1.02448 1.02448]
[0.0846909 0.0846909 0.0846909 0.0846909 0.0846909 0.0846909 0.0846909 0.0846909 0.0846909 0.0846909]
[0.924257 0.924257 0.924257 0.924257 0.924257 0.924257 0.924257 0.924257 0.924257 0.924257]
[0.304729 0.304729 0.304729 0.304729 0.304729 0.304729 0.304729 0.304729 0.304729 0.304729]
[0.330717 0.330717 0.330717 0.330717 0.330717 0.330717 0.330717 0.330717 0.330717 0.330717]
[0.993996 0.993996 0.993996 0.993996 0.993996 0.993996 0.993996 0.993996 0.993996 0.993996]
[1.43176 1.43176 1.43176 1.43176 1.43176 1.43176 1.43176 1.43176 1.43176 1.43176]
[0.213684 0.213684 0.213684 0.213684 0.213684 0.213684 0.213684 0.213684 0.213684 0.213684]
[0.659632 0.659632 0.659632 0.659632 0.659632 0.659632 0.659632 0.659632 0.659632 0.659632]
[1.26344 1.26344 1.26344 1.26344 1.26344 1.26344 1.26344 1.26344 1.26344 1.26344]
[0.621673 0.621673 0.621673 0.621673 0.621673 0.621673 0.621673 0.621673 0.621673 0.621673]
[0.790201 0.790201 0.790201 0.790201 0.790201 0.790201 0.790201 0.790201 0.790201 0.790201]
[1.13594 1.13594 1.13594 1.13594 1.13594 1.13594 1.13594 1.13594 1.13594 1.13594]
[1.01865 1.01865 1.01865 1.01865 1.01865 1.01865 1.01865 1.01865 1.01865 1.01865]
[0.810241 0.810241 0.810241 0.810241 0.810241 0.810241 0.810241 0.810241 0.810241 0.810241]
[0.60119 0.60119 0.60119 0.60119 0.60119 0.60119 0.60119 0.60119 0.60119 0.60119]
[0.370837 0.370837 0.370837 0.370837 0.370837 0.370837 0.370837 0.370837 0.370837 0.370837]
[1.08781 1.08781 1.08781 1.08781 1.08781 1.08781 1.08781 1.08781 1.08781 1.08781]
[0.450164 0.450164 0.450164 0.450164 0.450164 0.450164 0.450164 0.450164 0.450164 0.450164]
[0.781154 0.781154 0.781154 0.781154 0.781154 0.781154 0.781154 0.781154 0.781154 0.781154]
[0.885902 0.885902 0.885902 0.885902 0.885902 0.885902 0.885902 0.885902 0.885902 0.885902]
[1.22253 1.22253 1.22253 1.22253 1.22253 1.22253 1.22253 1.22253 1.22253 1.22253]
[1.33466 1.33466 1.33466 1.33466 1.33466 1.33466 1.33466 1.33466 1.33466 1.33466]
[1.0609 1.0609 1.0609 1.0609 1.0609 1.0609 1.0609 1.0609 1.0609 1.0609]
[0.325483 0.325483 0.325483 0.325483 0.325483 0.325483 0.325483 0.325483 0.325483 0.325483]
[0.462473 0.462473 0.462473 0.462473 0.462473 0.462473 0.462473 0.462473 0.462473 0.462473]
[1.17436 1.17436 1.17436 1.17436 1.17436 1.17436 1.17436 1.17436 1.17436 1.17436]
[1.09385 1.09385 1.09385 1.09385 1.09385 1.09385 1.09385 1.09385 1.09385 1.09385]
[1.35405 1.35405 1.35405 1.35405 1.35405 1.35405 1.35405 1.35405 1.35405 1.35405]
[0.630445 0.630445 0.630445 0.630445 0.630445 0.630445 0.630445 0.630445 0.630445 0.630445]
[0.553595 0.553595 0.553595 0.553595 0.553595 0.553595 0.553595 0.553595 0.553595 0.553595]
[1.07224 1.07224 1.07224 1.07224 1.07224 1.07224 1.07224 1.07224 1.07224 1.07224]
[0.620416 0.620416 0.620416 0.620416 0.620416 0.620416 0.620416 0.620416 0.620416 0.620416]
[1.12761 1.12761 1.12761 1.12761 1.12761 1.12761 1.12761 1.12761 1.12761 1.12761]
[1.08249 1.08249 1.08249 1.08249 1.08249 1.08249 1.08249 1.08249 1.08249 1.08249]
[1.24891 1.24891 1.24891 1.24891 1.24891 1.24891 1.24891 1.24891 1.24891 1.24891]
[0.257141 0.257141 0.257141 0.257141 0.257141 0.257141 0.257141 0.257141 0.257141 0.257141]
[0.964252 0.964252 0.964252 0.964252 0.964252 0.964252 0.964252 0.964252 0.964252 0.964252]
[0.715635 0.715635 0.715635 0.715635 0.715635 0.715635 0.715635 0.715635 0.715635 0.715635]
[1.03557 1.03557 1.03557 1.03557 1.03557 1.03557 1.03557 1.03557 1.03557 1.03557]
[0.803809 0.803809 0.803809 0.803809 0.803809 0.803809 0.803809 0.803809 0.803809 0.803809]
[0.881588 0.881588 0.881588 0.881588 0.881588 0.881588 0.881588 0.881588 0.881588 0.881588]
[0.512249 0.512249 0.512249 0.512249 0.512249 0.512249 0.512249 0.512249 0.512249 0.512249]
[0.847126 0.847126 0.847126 0.847126 0.847126 0.847126 0.847126 0.847126 0.847126 0.847126]
[0.647607 0.647607 0.647607 0.647607 0.647607 0.647607 0.647607 0.647607 0.647607 0.647607]
[1.22506 1.22506 1.22506 1.22506 1.22506 1.22506 1.22506 1.22506 1.22506 1.22506]
[0.964196 0.964196 0.964196 0.964196 0.964196 0.964196 0.964196 0.964196 0.964196 0.964196]
[1.8452 1.8452 1.8452 1.8452 1.8452 1.8452 1.8452 1.8452 1.8452 1.8452]
[1.87979 1.87979 1.87979 1.87979 1.87979 1.87979 1.87979 1.87979 1.87979 1.87979]
[0.846234 0.846234 0.846234 0.846234 0.846234 0.846234 0.846234 0.846234 0.846234 0.846234]
[0.187288 0.187288 0.187288 0.187288 0.187288 0.187288 0.187288 0.187288 0.187288 0.187288]
[0.410816 0.410816 0.410816 0.410816 0.410816 0.410816 0.410816 0.410816 0.410816 0.410816]
[0.806781 0.806781 0.806781 0.806781 0.806781 0.806781 0.806781 0.806781 0.806781 0.806781]
[0.491738 0.491738 0.491738 0.491738 0.491738 0.491738 0.491738 0.491738 0.491738 0.491738]
[0.456367 0.456367 0.456367 0.456367 0.456367 0.456367 0.456367 0.456367 0.456367 0.456367]
[0.278767 0.278767 0.278767 0.278767 0.278767 0.278767 0.278767 0.278767 0.278767 0.278767]
[0.398356 0.398356 0.398356 0.398356 0.398356 0.398356 0.398356 0.398356 0.398356 0.398356]
[0.626145 0.626145 0.626145 0.626145 0.626145 0.626145 0.626145 0.626145 0.626145 0.626145]
[0.720185 0.720185 0.720185 0.720185 0.720185 0.720185 0.720185 0.720185 0.720185 0.720185]
[0.218342 0.218342 0.218342 0.218342 0.218342 0.218342 0.218342 0.218342 0.218342 0.218342]
[0.262465 0.262465 0.262465 0.262465 0.262465 0.262465 0.262465 0.262465 0.262465 0.262465]
[0.70355 0.70355 0.70355 0.70355 0.70355 0.70355 0.70355 0.70355 0.70355 0.70355]
[1.30231 1.30231 1.30231 1.30231 1.30231 1.30231 1.30231 1.30231 1.30231 1.30231]
[1.2904 1.2904 1.2904 1.2904 1.2904 1.2904 1.2904 1.2904 1.2904 1.2904]
[1.10196 1.10196 1.10196 1.10196 1.10196 1.10196 1.10196 1.10196 1.10196 1.10196]
[1.41785 1.41785 1.41785 1.41785 1.41785 1.41785 1.41785 1.41785 1.41785 1.41785]
[0.770406 0.770406 0.770406 0.770406 0.770406 0.770406 0.770406 0.770406 0.770406 0.770406]
[0.916991 0.916991 0.916991 0.916991 0.916991 0.916991 0.916991 0.916991 0.916991 0.916991]
[0.658287 0.658287 0.658287 0.658287 0.658287 0.658287 0.658287 0.658287 0.658287 0.658287]
[0.341023 0.341023 0.341023 0.341023 0.341023 0.341023 0.341023 0.341023 0.341023 0.341023]
[0.43109 0.43109 0.43109 0.43109 0.43109 0.43109 0.43109 0.43109 0.43109 0.43109]
[0.351436 0.351436 0.351436 0.351436 0.351436 0.351436 0.351436 0.351436 0.351436 0.351436]
[0.760781 0.760781 0.760781 0.760781 0.760781 0.760781 0.760781 0.760781 0.760781 0.760781]
[0.645005 0.645005 0.645005 0.645005 0.645005 0.645005 0.645005 0.645005 0.645005 0.645005]
[0.726933 0.726933 0.726933 0.726933 0.726933 0.726933 0.726933 0.726933 0.726933 0.726933]
[0.727402 0.727402 0.727402 0.727402 0.727402 0.727402 0.727402 0.727402 0.727402 0.727402]
[0.586857 0.586857 0.586857 0.586857 0.586857 0.586857 0.586857 0.586857 0.586857 0.586857]
[0.848903 0.848903 0.848903 0.848903 0.848903 0.848903 0.848903 0.848903 0.848903 0.848903]
[0.742109 0.742109 0.742109 0.742109 0.742109 0.742109 0.742109 0.742109 0.742109 0.742109]
[0.574522 0.574522 0.574522 0.574522 0.574522 0.574522 0.574522 0.574522 0.574522 0.574522]
[0.714211 0.714211 0.714211 0.714211 0.714211 0.714211 0.714211 0.714211 0.714211 0.714211]
[1.54068 1.54068 1.54068 1.54068 1.54068 1.54068 1.54068 1.54068 1.54068 1.54068]
[0.597059 0.597059 0.597059 0.597059 0.597059 0.597059 0.597059 0.597059 0.597059 0.597059]
[0.885051 0.885051 0.885051 0.885051 0.885051 0.885051 0.885051 0.885051 0.885051 0.885051]
[1.41735 1.41735 1.41735 1.41735 1.41735 1.41735 1.41735 1.41735 1.41735 1.41735]
[0.451524 0.451524 0.451524 0.451524 0.451524 0.451524 0.451524 0.451524 0.451524 0.451524]
[0.298782 0.298782 0.298782 0.298782 0.298782 0.298782 0.298782 0.298782 0.298782 0.298782]
[1.99877 1.99877 1.99877 1.99877 1.99877 1.99877 1.99877 1.99877 1.99877 1.99877]
[1.03943 1.03943 1.03943 1.03943 1.03943 1.03943 1.03943 1.03943 1.03943 1.03943]
[1.17911 1.17911 1.17911 1.17911 1.17911 1.17911 1.17911 1.17911 1.17911 1.17911]
[1.31048 1.31048 1.31048 1.31048 1.31048 1.31048 1.31048 1.31048 1.31048 1.31048]
[0.584885 0.584885 0.584885 0.584885 0.584885 0.584885 0.584885 0.584885 0.584885 0.584885]
[1.59707 1.59707 1.59707 1.59707 1.59707 1.59707 1.59707 1.59707 1.59707 1.59707]
[0.596435 0.596435 0.596435 0.596435 0.596435 0.596435 0.596435 0.596435 0.596435 0.596435]
[0.780562 0.780562 0.780562 0.780562 0.780562 0.780562 0.780562 0.780562 0.780562 0.780562]
[1.7443 1.7443 1.7443 1.7443 1.7443 1.7443 1.7443 1.7443 1.7443 1.7443]
[1.12053 1.12053 1.12053 1.12053 1.12053 1.12053 1.12053 1.12053 1.12053 1.12053]
[1.56554 1.56554 1.56554 1.56554 1.56554 1.56554 1.56554 1.56554 1.56554 1.56554]
[0.713319 0.713319 0.713319 0.713319 0.713319 0.713319 0.713319 0.713319 0.713319 0.713319]
[0.849922 0.849922 0.849922 0.849922 0.849922 0.849922 0.849922 0.849922 0.849922 0.849922]
[1.04003 1.04003 1.04003 1.04003 1.04003 1.04003 1.04003 1.04003 1.04003 1.04003]
[0.80255 0.80255 0.80255 0.80255 0.80255 0.80255 0.80255 0.80255 0.80255 0.80255]
[0.221629 0.221629 0.221629 0.221629 0.221629 0.221629 0.221629 0.221629 0.221629 0.221629]
[1.30239 1.30239 1.30239 1.30239 1.30239 1.30239 1.30239 1.30239 1.30239 1.30239]
[0.925339 0.925339 0.925339 0.925339 0.925339 0.925339 0.925339 0.925339 0.925339 0.925339]
[1.25565 1.25565 1.25565 1.25565 1.25565 1.25565 1.25565 1.25565 1.25565 1.25565]
[0.40669 0.40669 0.40669 0.40669 0.40669 0.40669 0.40669 0.40669 0.40669 0.40669]
[1.26875 1.26875 1.26875 1.26875 1.26875 1.26875 1.26875 1.26875 1.26875 1.26875]
[1.17554 1.17554 1.17554 1.17554 1.17554 1.17554 1.17554 1.17554 1.17554 1.17554]
[0.567051 0.567051 0.567051 0.567051 0.567051 0.567051 0.567051 0.567051 0.567051 0.567051]
[0.734573 0.734573 0.734573 0.734573 0.734573 0.734573 0.734573 0.734573 0.734573 0.734573]
[1.10395 1.10395 1.10395 1.10395 1.10395 1.10395 1.10395 1.10395 1.10395 1.10395]
[0.246061 0.246061 0.246061 0.246061 0.246061 0.246061 0.246061 0.246061 0.246061 0.246061]
[1.12758 1.12758 1.12758 1.12758 1.12758 1.12758 1.12758 1.12758 1.12758 1.12758]
[1.39734 1.39734 1.39734 1.39734 1.39734 1.39734 1.39734 1.39734 1.39734 1.39734]
[1.23606 1.23606 1.23606 1.23606 1.23606 1.23606 1.23606 1.23606 1.23606 1.23606]
[1.14485 1.14485 1.14485 1.14485 1.14485 1.14485 1.14485 1.14485 1.14485 1.14485]
[0.842855 0.842855 0.842855 0.842855 0.842855 0.842855 0.842855 0.842855 0.842855 0.842855]
[0.329807 0.329807 0.329807 0.329807 0.329807 0.329807 0.329807 0.329807 0.329807 0.329807]
[1.09629 1.09629 1.09629 1.09629 1.09629 1.09629 1.09629 1.09629 1.09629 1.09629]
[1.47374 1.47374 1.47374 1.47374 1.47374 1.47374 1.47374 1.47374 1.47374 1.47374]
[1.15085 1.15085 1.15085 1.15085 1.15085 1.15085 1.15085 1.15085 1.15085 1.15085]
[1.01934 1.01934 1.01934 1.01934 1.01934 1.01934 1.01934 1.01934 1.01934 1.01934]
[0.485689 0.485689 0.485689 0.485689 0.485689 0.485689 0.485689 0.485689 0.485689 0.485689]
[1.28999 1.28999 1.28999 1.28999 1.28999 1.28999 1.28999 1.28999 1.28999 1.28999]
[1.23096 1.23096 1.23096 1.23096 1.23096 1.23096 1.23096 1.23096 1.23096 1.23096]
[0.759903 0.759903 0.759903 0.759903 0.759903 0.759903 0.759903 0.759903 0.759903 0.759903]
[1.48357 1.48357 1.48357 1.48357 1.48357 1.48357 1.48357 1.48357 1.48357 1.48357]
[1.14578 1.14578 1.14578 1.14578 1.14578 1.14578 1.14578 1.14578 1.14578 1.14578]
[0.569448 0.569448 0.569448 0.569448 0.569448 0.569448 0.569448 0.569448 0.569448 0.569448]
[0.999488 0.999488 0.999488 0.999488 0.999488 0.999488 0.999488 0.999488 0.999488 0.999488]
[1.27588 1.27588 1.27588 1.27588 1.27588 1.27588 1.27588 1.27588 1.27588 1.27588]
[0.794889 0.794889 0.794889 0.794889 0.794889 0.794889 0.794889 0.794889 0.794889 0.794889]
[0.97455 0.97455 0.97455 0.97455 0.97455 0.97455 0.97455 0.97455 0.97455 0.97455]
[0.549479 0.549479 0.549479 0.549479 0.549479 0.549479 0.549479 0.549479 0.549479 0.549479]
[0.870915 0.870915 0.870915 0.870915 0.870915 0.870915 0.870915 0.870915 0.870915 0.870915]
[1.68469 1.68469 1.68469 1.68469 1.68469 1.68469 1.68469 1.68469 1.68469 1.68469]
[1.15738 1.15738 1.15738 1.15738 1.15738 1.15738 1.15738 1.15738 1.15738 1.15738]
[0.909638 0.909638 0.909638 0.909638 0.909638 0.909638 0.909638 0.909638 0.909638 0.909638]
[0.962144 0.962144 0.962144 0.962144 0.962144 0.962144 0.962144 0.962144 0.962144 0.962144]
[1.09678 1.09678 1.09678 1.09678 1.09678 1.09678 1.09678 1.09678 1.09678 1.09678]
[0.707876 0.707876 0.707876 0.707876 0.707876 0.707876 0.707876 0.707876 0.707876 0.707876]
[1.67791 1.67791 1.67791 1.67791 1.67791 1.67791 1.67791 1.67791 1.67791 1.67791]
[0.178157 0.178157 0.178157 0.178157 0.178157 0.178157 0.178157 0.178157 0.178157 0.178157]
[0.830369 0.830369 0.830369 0.830369 0.830369 0.830369 0.830369 0.830369 0.830369 0.830369]
[1.16888 1.16888 1.16888 1.16888 1.16888 1.16888 1.16888 1.16888 1.16888 1.16888]
[0.525488 0.525488 0.525488 0.525488 0.525488 0.525488 0.525488 0.525488 0.525488 0.525488]
[0.786792 0.786792 0.786792 0.786792 0.786792 0.786792 0.786792 0.786792 0.786792 0.786792]
[0.576381 0.576381 0.576381 0.576381 0.576381 0.576381 0.576381 0.576381 0.576381 0.576381]
[0.675391 0.675391 0.675391 0.675391 0.675391 0.675391 0.675391 0.675391 0.675391 0.675391]
[0.426682 0.426682 0.426682 0.426682 0.426682 0.426682 0.426682 0.426682 0.426682 0.426682]
[1.56592 1.56592 1.56592 1.56592 1.56592 1.56592 1.56592 1.56592 1.56592 1.56592]
[0.558655 0.558655 0.558655 0.558655 0.558655 0.558655 0.558655 0.558655 0.558655 0.558655]
[0.669987 0.669987 0.669987 0.669987 0.669987 0.669987 0.669987 0.669987 0.669987 0.669987]
[1.20716 1.20716 1.20716 1.20716 1.20716 1.20716 1.20716 1.20716 1.20716 1.20716]
[0.396454 0.396454 0.396454 0.396454 0.396454 0.396454 0.396454 0.396454 0.396454 0.396454]
[0.960915 0.960915 0.960915 0.960915 0.960915 0.960915 0.960915 0.960915 0.960915 0.960915]
[0.990279 0.990279 0.990279 0.990279 0.990279 0.990279 0.990279 0.990279 0.990279 0.990279]
[1.41866 1.41866 1.41866 1.41866 1.41866 1.41866 1.41866 1.41866 1.41866 1.41866]
[0.577024 0.577024 0.577024 0.577024 0.577024 0.577024 0.577024 0.577024 0.577024 0.577024]
[1.61154 1.61154 1.61154 1.61154 1.61154 1.61154 1.61154 1.61154 1.61154 1.61154]
[0.84487 0.84487 0.84487 0.84487 0.84487 0.84487 0.84487 0.84487 0.84487 0.84487]
[0.808459 0.808459 0.808459 0.808459 0.808459 0.808459 0.808459 0.808459 0.808459 0.808459]
[0.983718 0.983718 0.983718 0.983718 0.983718 0.983718 0.983718 0.983718 0.983718 0.983718]
[1.21887 1.21887 1.21887 1.21887 1.21887 1.21887 1.21887 1.21887 1.21887 1.21887]
[0.506016 0.506016 0.506016 0.506016 0.506016 0.506016 0.506016 0.506016 0.506016 0.506016]
[0.701854 0.701854 0.701854 0.701854 0.701854 0.701854 0.701854 0.701854 0.701854 0.701854]
[0.971303 0.971303 0.971303 0.971303 0.971303 0.971303 0.971303 0.971303 0.971303 0.971303]
[0.901788 0.901788 0.901788 0.901788 0.901788 0.901788 0.901788 0.901788 0.901788 0.901788]
[0.463709 0.463709 0.463709 0.463709 0.463709 0.463709 0.463709 0.463709 0.463709 0.463709]
[0.868822 0.868822 0.868822 0.868822 0.868822 0.868822 0.868822 0.868822 0.868822 0.868822]
[1.11148 1.11148 1.11148 1.11148 1.11148 1.11148 1.11148 1.11148 1.11148 1.11148]
[0.198145 0.198145 0.198145 0.198145 0.198145 0.198145 0.198145 0.198145 0.198145 0.198145]
[0.928236 0.928236 0.928236 0.928236 0.928236 0.928236 0.928236 0.928236 0.928236 0.928236]
[1.58436 1.58436 1.58436 1.58436 1.58436 1.58436 1.58436 1.58436 1.58436 1.58436]
[0.395904 0.395904 0.395904 0.395904 0.395904 0.395904 0.395904 0.395904 0.395904 0.395904]
[0.718385 0.718385 0.718385 0.718385 0.718385 0.718385 0.718385 0.718385 0.718385 0.718385]
[1.28526 1.28526 1.28526 1.28526 1.28526 1.28526 1.28526 1.28526 1.28526 1.28526]
[1.77782 1.77782 1.77782 1.77782 1.77782 1.77782 1.77782 1.77782 1.77782 1.77782]
[1.37911 1.37911 1.37911 1.37911 1.37911 1.37911 1.37911 1.37911 1.37911 1.37911]
[1.01986 1.01986 1.01986 1.01986 1.01986 1.01986 1.01986 1.01986 1.01986 1.01986]
[0.697059 0.697059 0.697059 0.697059 0.697059 0.697059 0.697059 0.697059 0.697059 0.697059]
[2.06705 2.06705 2.06705 2.06705 2.06705 2.06705 2.06705 2.06705 2.06705 2.06705]
[1.29942 1.29942 1.29942 1.29942 1.29942 1.29942 1.29942 1.29942 1.29942 1.29942]
[2.07651 2.07651 2.07651 2.07651 2.07651 2.07651 2.07651 2.07651 2.07651 2.07651]
[1.48579 1.48579 1.48579 1.48579 1.48579 1.48579 1.48579 1.48579 1.48579 1.48579]
[0.551412 0.551412 0.551412 0.551412 0.551412 0.551412 0.551412 0.551412 0.551412 0.551412]
[1.48861 1.48861 1.48861 1.48861 1.48861 1.48861 1.48861 1.48861 1.48861 1.48861]
[1.28299 1.28299 1.28299 1.28299 1.28299 1.28299 1.28299 1.28299 1.28299 1.28299]
[0.811582 0.811582 0.811582 0.811582 0.811582 0.811582 0.811582 0.811582 0.811582 0.811582]
[0.390421 0.390421 0.390421 0.390421 0.390421 0.390421 0.390421 0.390421 0.390421 0.390421]
[0.65463 0.65463 0.65463 0.65463 0.65463 0.65463 0.65463 0.65463 0.65463 0.65463]
[0.41375 0.41375 0.41375 0.41375 0.41375 0.41375 0.41375 0.41375 0.41375 0.41375]
[0.456551 0.456551 0.456551 0.456551 0.456551 0.456551 0.456551 0.456551 0.456551 0.456551]
[0.33234 0.33234 0.33234 0.33234 0.33234 0.33234 0.33234 0.33234 0.33234 0.33234]
[1.63407 1.63407 1.63407 1.63407 1.63407 1.63407 1.63407 1.63407 1.63407 1.63407]
[0.738087 0.738087 0.738087 0.738087 0.738087 0.738087 0.738087 0.738087 0.738087 0.738087]
[1.04009 1.04009 1.04009 1.04009 1.04009 1.04009 1.04009 1.04009 1.04009 1.04009]
[1.18212 1.18212 1.18212 1.18212 1.18212 1.18212 1.18212 1.18212 1.18212 1.18212]
[0.881137 0.881137 0.881137 0.881137 0.881137 0.881137 0.881137 0.881137 0.881137 0.881137]
[0.957301 0.957301 0.957301 0.957301 0.957301 0.957301 0.957301 0.957301 0.957301 0.957301]
[1.08664 1.08664 1.08664 1.08664 1.08664 1.08664 1.08664 1.08664 1.08664 1.08664]
[0.915296 0.915296 0.915296 0.915296 0.915296 0.915296 0.915296 0.915296 0.915296 0.915296]
[0.565559 0.565559 0.565559 0.565559 0.565559 0.565559 0.565559 0.565559 0.565559 0.565559]
[0.878491 0.878491 0.878491 0.878491 0.878491 0.878491 0.878491 0.878491 0.878491 0.878491]
[0.858486 0.858486 0.858486 0.858486 0.858486 0.858486 0.858486 0.858486 0.858486 0.858486]
[1.19464 1.19464 1.19464 1.19464 1.19464 1.19464 1.19464 1.19464 1.19464 1.19464]
[0.760079 0.760079 0.760079 0.760079 0.760079 0.760079 0.760079 0.760079 0.760079 0.760079]
[1.57951 1.57951 1.57951 1.57951 1.57951 1.57951 1.57951 1.57951 1.57951 1.57951]
[0.407074 0.407074 0.407074 0.407074 0.407074 0.407074 0.407074 0.407074 0.407074 0.407074]
[0.476427 0.476427 0.476427 0.476427 0.476427 0.476427 0.476427 0.476427 0.476427 0.476427]
[0.710982 0.710982 0.710982 0.710982 0.710982 0.710982 0.710982 0.710982 0.710982 0.710982]
[0.574383 0.574383 0.574383 0.574383 0.574383 0.574383 0.574383 0.574383 0.574383 0.574383]
[1.40776 1.40776 1.40776 1.40776 1.40776 1.40776 1.40776 1.40776 1.40776 1.40776]
[1.59679 1.59679 1.59679 1.59679 1.59679 1.59679 1.59679 1.59679 1.59679 1.59679]
[0.74532 0.74532 0.74532 0.74532 0.74532 0.74532 0.74532 0.74532 0.74532 0.74532]
[1.03415 1.03415 1.03415 1.03415 1.03415 1.03415 1.03415 1.03415 1.03415 1.03415]
[0.644313 0.644313 0.644313 0.644313 0.644313 0.644313 0.644313 0.644313 0.644313 0.644313]
[2.07002 2.07002 2.07002 2.07002 2.07002 2.07002 2.07002 2.07002 2.07002 2.07002]
[0.616645 0.616645 0.616645 0.616645 0.616645 0.616645 0.616645 0.616645 0.616645 0.616645]
[1.34884 1.34884 1.34884 1.34884 1.34884 1.34884 1.34884 1.34884 1.34884 1.34884]
[2.0213 2.0213 2.0213 2.0213 2.0213 2.0213 2.0213 2.0213 2.0213 2.0213]
[0.753789 0.753789 0.753789 0.753789 0.753789 0.753789 0.753789 0.753789 0.753789 0.753789]
[1.41167 1.41167 1.41167 1.41167 1.41167 1.41167 1.41167 1.41167 1.41167 1.41167]
[0.459051 0.459051 0.459051 0.459051 0.459051 0.459051 0.459051 0.459051 0.459051 0.459051]
[0.978394 0.978394 0.978394 0.978394 0.978394 0.978394 0.978394 0.978394 0.978394 0.978394]
[0.482373 0.482373 0.482373 0.482373 0.482373 0.482373 0.482373 0.482373 0.482373 0.482373]
[0.938537 0.938537 0.938537 0.938537 0.938537 0.938537 0.938537 0.938537 0.938537 0.938537]
[0.900093 0.900093 0.900093 0.900093 0.900093 0.900093 0.900093 0.900093 0.900093 0.900093]
[0.68514 0.68514 0.68514 0.68514 0.68514 0.68514 0.68514 0.68514 0.68514 0.68514]
[1.18439 1.18439 1.18439 1.18439 1.18439 1.18439 1.18439 1.18439 1.18439 1.18439]
[1.3711 1.3711 1.3711 1.3711 1.3711 1.3711 1.3711 1.3711 1.3711 1.3711]
[0.547598 0.547598 0.547598 0.547598 0.547598 0.547598 0.547598 0.547598 0.547598 0.547598]
[0.907061 0.907061 0.907061 0.907061 0.907061 0.907061 0.907061 0.907061 0.907061 0.907061]
[1.09476 1.09476 1.09476 1.09476 1.09476 1.09476 1.09476 1.09476 1.09476 1.09476]
[1.59859 1.59859 1.59859 1.59859 1.59859 1.59859 1.59859 1.59859 1.59859 1.59859]
[1.02269 1.02269 1.02269 1.02269 1.02269 1.02269 1.02269 1.02269 1.02269 1.02269]
[0.36751 0.36751 0.36751 0.36751 0.36751 0.36751 0.36751 0.36751 0.36751 0.36751]
[0.672848 0.672848 0.672848 0.672848 0.672848 0.672848 0.672848 0.672848 0.672848 0.672848]
[0.755862 0.755862 0.755862 0.755862 0.755862 0.755862 0.755862 0.755862 0.755862 0.755862]
[0.36816 0.36816 0.36816 0.36816 0.36816 0.36816 0.36816 0.36816 0.36816 0.36816]
[0.634084 0.634084 0.634084 0.634084 0.634084 0.634084 0.634084 0.634084 0.634084 0.634084]
[0.587975 0.587975 0.587975 0.587975 0.587975 0.587975 0.587975 0.587975 0.587975 0.587975]
[1.03515 1.03515 1.03515 1.03515 1.03515 1.03515 1.03515 1.03515 1.03515 1.03515]
[1.47004 1.47004 1.47004 1.47004 1.47004 1.47004 1.47004 1.47004 1.47004 1.47004]
[0.9801 0.9801 0.9801 0.9801 0.9801 0.9801 0.9801 0.9801 0.9801 0.9801]
[1.15504 1.15504 1.15504 1.15504 1.15504 1.15504 1.15504 1.15504 1.15504 1.15504]
[0.907602 0.907602 0.907602 0.907602 0.907602 0.907602 0.907602 0.907602 0.907602 0.907602]
[1.38939 1.38939 1.38939 1.38939 1.38939 1.38939 1.38939 1.38939 1.38939 1.38939]
[0.805657 0.805657 0.805657 0.805657 0.805657 0.805657 0.805657 0.805657 0.805657 0.805657]
[1.28683 1.28683 1.28683 1.28683 1.28683 1.28683 1.28683 1.28683 1.28683 1.28683]
[1.35061 1.35061 1.35061 1.35061 1.35061 1.35061 1.35061 1.35061 1.35061 1.35061]
[1.20262 1.20262 1.20262 1.20262 1.20262 1.20262 1.20262 1.20262 1.20262 1.20262]
[1.32942 1.32942 1.32942 1.32942 1.32942 1.32942 1.32942 1.32942 1.32942 1.32942]
[1.2066 1.2066 1.2066 1.2066 1.2066 1.2066 1.2066 1.2066 1.2066 1.2066]
[1.10637 1.10637 1.10637 1.10637 1.10637 1.10637 1.10637 1.10637 1.10637 1.10637]
[0.674454 0.674454 0.674454 0.674454 0.674454 0.674454 0.674454 0.674454 0.674454 0.674454]
[1.22711 1.22711 1.22711 1.22711 1.22711 1.22711 1.22711 1.22711 1.22711 1.22711]
[0.902057 0.902057 0.902057 0.902057 0.902057 0.902057 0.902057 0.902057 0.902057 0.902057]
[0.123515 0.123515 0.123515 0.123515 0.123515 0.123515 0.123515 0.123515 0.123515 0.123515]
[0.874297 0.874297 0.874297 0.874297 0.874297 0.874297 0.874297 0.874297 0.874297 0.874297]
[0.563123 0.563123 0.563123 0.563123 0.563123 0.563123 0.563123 0.563123 0.563123 0.563123]
[0.805799 0.805799 0.805799 0.805799 0.805799 0.805799 0.805799 0.805799 0.805799 0.805799]
[1.7034 1.7034 1.7034 1.7034 1.7034 1.7034 1.7034 1.7034 1.7034 1.7034]
[0.572003 0.572003 0.572003 0.572003 0.572003 0.572003 0.572003 0.572003 0.572003 0.572003]
[0.944079 0.944079 0.944079 0.944079 0.944079 0.944079 0.944079 0.944079 0.944079 0.944079]
[1.16526 1.16526 1.16526 1.16526 1.16526 1.16526 1.16526 1.16526 1.16526 1.16526]
[0.404771 0.404771 0.404771 0.404771 0.404771 0.404771 0.404771 0.404771 0.404771 0.404771]
[0.683805 0.683805 0.683805 0.683805 0.683805 0.683805 0.683805 0.683805 0.683805 0.683805]
[1.28628 1.28628 1.28628 1.28628 1.28628 1.28628 1.28628 1.28628 1.28628 1.28628]
[0.669377 0.669377 0.669377 0.669377 0.669377 0.669377 0.669377 0.669377 0.669377 0.669377]
[0.835417 0.835417 0.835417 0.835417 0.835417 0.835417 0.835417 0.835417 0.835417 0.835417]
[1.26425 1.26425 1.26425 1.26425 1.26425 1.26425 1.26425 1.26425 1.26425 1.26425]
[0.635422 0.635422 0.635422 0.635422 0.635422 0.635422 0.635422 0.635422 0.635422 0.635422]
[0.441282 0.441282 0.441282 0.441282 0.441282 0.441282 0.441282 0.441282 0.441282 0.441282]
[1.3644 1.3644 1.3644 1.3644 1.3644 1.3644 1.3644 1.3644 1.3644 1.3644]
[1.11199 1.11199 1.11199 1.11199 1.11199 1.11199 1.11199 1.11199 1.11199 1.11199]
[0.602881 0.602881 0.602881 0.602881 0.602881 0.602881 0.602881 0.602881 0.602881 0.602881]
[0.274587 0.274587 0.274587 0.274587 0.274587 0.274587 0.274587 0.274587 0.274587 0.274587]
[0.430741 0.430741 0.430741 0.430741 0.430741 0.430741 0.430741 0.430741 0.430741 0.430741]
[0.665658 0.665658 0.665658 0.665658 0.665658 0.665658 0.665658 0.665658 0.665658 0.665658]
[0.217972 0.217972 0.217972 0.217972 0.217972 0.217972 0.217972 0.217972 0.217972 0.217972]
[0.853913 0.853913 0.853913 0.853913 0.853913 0.853913 0.853913 0.853913 0.853913 0.853913]
[0.328506 0.328506 0.328506 0.328506 0.328506 0.328506 0.328506 0.328506 0.328506 0.328506]
[0.585873 0.585873 0.585873 0.585873 0.585873 0.585873 0.585873 0.585873 0.585873 0.585873]
[0.64326 0.64326 0.64326 0.64326 0.64326 0.64326 0.64326 0.64326 0.64326 0.64326]
[1.25823 1.25823 1.25823 1.25823 1.25823 1.25823 1.25823 1.25823 1.25823 1.25823]
[1.67783 1.67783 1.67783 1.67783 1.67783 1.67783 1.67783 1.67783 1.67783 1.67783]
[0.778087 0.778087 0.778087 0.778087 0.778087 0.778087 0.778087 0.778087 0.778087 0.778087]
[1.437 1.437 1.437 1.437 1.437 1.437 1.437 1.437 1.437 1.437]
[0.694353 0.694353 0.694353 0.694353 0.694353 0.694353 0.694353 0.694353 0.694353 0.694353]
[1.12047 1.12047 1.12047 1.12047 1.12047 1.12047 1.12047 1.12047 1.12047 1.12047]
[1.65069 1.65069 1.65069 1.65069 1.65069 1.65069 1.65069 1.65069 1.65069 1.65069]
[0.803926 0.803926 0.803926 0.803926 0.803926 0.803926 0.803926 0.803926 0.803926 0.803926]
[1.5306 1.5306 1.5306 1.5306 1.5306 1.5306 1.5306 1.5306 1.5306 1.5306]
[1.38498 1.38498 1.38498 1.38498 1.38498 1.38498 1.38498 1.38498 1.38498 1.38498]
[0.749483 0.749483 0.749483 0.749483 0.749483 0.749483 0.749483 0.749483 0.749483 0.749483]
[0.420801 0.420801 0.420801 0.420801 0.420801 0.420801 0.420801 0.420801 0.420801 0.420801]
[0.916747 0.916747 0.916747 0.916747 0.916747 0.916747 0.916747 0.916747 0.916747 0.916747]
[1.38831 1.38831 1.38831 1.38831 1.38831 1.38831 1.38831 1.38831 1.38831 1.38831]
[0.978828 0.978828 0.978828 0.978828 0.978828 0.978828 0.978828 0.978828 0.978828 0.978828]
[0.458243 0.458243 0.458243 0.458243 0.458243 0.458243 0.458243 0.458243 0.458243 0.458243]
[1.22318 1.22318 1.22318 1.22318 1.22318 1.22318 1.22318 1.22318 1.22318 1.22318]
[1.89442 1.89442 1.89442 1.89442 1.89442 1.89442 1.89442 1.89442 1.89442 1.89442]
[0.268463 0.268463 0.268463 0.268463 0.268463 0.268463 0.268463 0.268463 0.268463 0.268463]
[0.756507 0.756507 0.756507 0.756507 0.756507 0.756507 0.756507 0.756507 0.756507 0.756507]
[0.869541 0.869541 0.869541 0.869541 0.869541 0.869541 0.869541 0.869541 0.869541 0.869541]
[0.636289 0.636289 0.636289 0.636289 0.636289 0.636289 0.636289 0.636289 0.636289 0.636289]
[1.14074 1.14074 1.14074 1.14074 1.14074 1.14074 1.14074 1.14074 1.14074 1.14074]
[0.449167 0.449167 0.449167 0.449167 0.449167 0.449167 0.449167 0.449167 0.449167 0.449167]
[1.44692 1.44692 1.44692 1.44692 1.44692 1.44692 1.44692 1.44692 1.44692 1.44692]
[0.881889 0.881889 0.881889 0.881889 0.881889 0.881889 0.881889 0.881889 0.881889 0.881889]
[1.04412 1.04412 1.04412 1.04412 1.04412 1.04412 1.04412 1.04412 1.04412 1.04412]
[0.802679 0.802679 0.802679 0.802679 0.802679 0.802679 0.802679 0.802679 0.802679 0.802679]
[0.551373 0.551373 0.551373 0.551373 0.551373 0.551373 0.551373 0.551373 0.551373 0.551373]
[0.314229 0.314229 0.314229 0.314229 0.314229 0.314229 0.314229 0.314229 0.314229 0.314229]
[1.34726 1.34726 1.34726 1.34726 1.34726 1.34726 1.34726 1.34726 1.34726 1.34726]
[0.836458 0.836458 0.836458 0.836458 0.836458 0.836458 0.836458 0.836458 0.836458 0.836458]
[0.642051 0.642051 0.642051 0.642051 0.642051 0.642051 0.642051 0.642051 0.642051 0.642051]
[1.41148 1.41148 1.41148 1.41148 1.41148 1.41148 1.41148 1.41148 1.41148 1.41148]
[0.82299 0.82299 0.82299 0.82299 0.82299 0.82299 0.82299 0.82299 0.82299 0.82299]
[0.827635 0.827635 0.827635 0.827635 0.827635 0.827635 0.827635 0.827635 0.827635 0.827635]
[0.312177 0.312177 0.312177 0.312177 0.312177 0.312177 0.312177 0.312177 0.312177 0.312177]
[1.23774 1.23774 1.23774 1.23774 1.23774 1.23774 1.23774 1.23774 1.23774 1.23774]
[0.612912 0.612912 0.612912 0.612912 0.612912 0.612912 0.612912 0.612912 0.612912 0.612912]
[0.852486 0.852486 0.852486 0.852486 0.852486 0.852486 0.852486 0.852486 0.852486 0.852486]
[0.425191 0.425191 0.425191 0.425191 0.425191 0.425191 0.425191 0.425191 0.425191 0.425191]
[0.670363 0.670363 0.670363 0.670363 0.670363 0.670363 0.670363 0.670363 0.670363 0.670363]
[1.04481 1.04481 1.04481 1.04481 1.04481 1.04481 1.04481 1.04481 1.04481 1.04481]
[0.864198 0.864198 0.864198 0.864198 0.864198 0.864198 0.864198 0.864198 0.864198 0.864198]
[0.173455 0.173455 0.173455 0.173455 0.173455 0.173455 0.173455 0.173455 0.173455 0.173455]
[1.09223 1.09223 1.09223 1.09223 1.09223 1.09223 1.09223 1.09223 1.09223 1.09223]
[1.22708 1.22708 1.22708 1.22708 1.22708 1.22708 1.22708 1.22708 1.22708 1.22708]
[0.802445 0.802445 0.802445 0.802445 0.802445 0.802445 0.802445 0.802445 0.802445 0.802445]
[0.703189 0.703189 0.703189 0.703189 0.703189 0.703189 0.703189 0.703189 0.703189 0.703189]
[0.58457 0.58457 0.58457 0.58457 0.58457 0.58457 0.58457 0.58457 0.58457 0.58457]
[1.67316 1.67316 1.67316 1.67316 1.67316 1.67316 1.67316 1.67316 1.67316 1.67316]
[0.198246 0.198246 0.198246 0.198246 0.198246 0.198246 0.198246 0.198246 0.198246 0.198246]
[1.05487 1.05487 1.05487 1.05487 1.05487 1.05487 1.05487 1.05487 1.05487 1.05487]
[0.937852 0.937852 0.937852 0.937852 0.937852 0.937852 0.937852 0.937852 0.937852 0.937852]
[0.552034 0.552034 0.552034 0.552034 0.552034 0.552034 0.552034 0.552034 0.552034 0.552034]
[1.01364 1.01364 1.01364 1.01364 1.01364 1.01364 1.01364 1.01364 1.01364 1.01364]
[0.402043 0.402043 0.402043 0.402043 0.402043 0.402043 0.402043 0.402043 0.402043 0.402043]
[1.24467 1.24467 1.24467 1.24467 1.24467 1.24467 1.24467 1.24467 1.24467 1.24467]
[0.667565 0.667565 0.667565 0.667565 0.667565 0.667565 0.667565 0.667565 0.667565 0.667565]
[0.691139 0.691139 0.691139 0.691139 0.691139 0.691139 0.691139 0.691139 0.691139 0.691139]
[1.75343 1.75343 1.75343 1.75343 1.75343 1.75343 1.75343 1.75343 1.75343 1.75343]
[0.712037 0.712037 0.712037 0.712037 0.712037 0.712037 0.712037 0.712037 0.712037 0.712037]
[1.55781 1.55781 1.55781 1.55781 1.55781 1.55781 1.55781 1.55781 1.55781 1.55781]
[1.42569 1.42569 1.42569 1.42569 1.42569 1.42569 1.42569 1.42569 1.42569 1.42569]
[1.16357 1.16357 1.16357 1.16357 1.16357 1.16357 1.16357 1.16357 1.16357 1.16357]
[0.297492 0.297492 0.297492 0.297492 0.297492 0.297492 0.297492 0.297492 0.297492 0.297492]
[1.13754 1.13754 1.13754 1.13754 1.13754 1.13754 1.13754 1.13754 1.13754 1.13754]
[0.114657 0.114657 0.114657 0.114657 0.114657 0.114657 0.114657 0.114657 0.114657 0.114657]
[0.558433 0.558433 0.558433 0.558433 0.558433 0.558433 0.558433 0.558433 0.558433 0.558433]
[0.45488 0.45488 0.45488 0.45488 0.45488 0.45488 0.45488 0.45488 0.45488 0.45488]
[0.573683 0.573683 0.573683 0.573683 0.573683 0.573683 0.573683 0.573683 0.573683 0.573683]
[0.758286 0.758286 0.758286 0.758286 0.758286 0.758286 0.758286 0.758286 0.758286 0.758286]
[0.774581 0.774581 0.774581 0.774581 0.774581 0.774581 0.774581 0.774581 0.774581 0.774581]
[0.828661 0.828661 0.828661 0.828661 0.828661 0.828661 0.828661 0.828661 0.828661 0.828661]
[0.594321 0.594321 0.594321 0.594321 0.594321 0.594321 0.594321 0.594321 0.594321 0.594321]
[0.762046 0.762046 0.762046 0.762046 0.762046 0.762046 0.762046 0.762046 0.762046 0.762046]
[0.888443 0.888443 0.888443 0.888443 0.888443 0.888443 0.888443 0.888443 0.888443 0.888443]
[1.39846 1.39846 1.39846 1.39846 1.39846 1.39846 1.39846 1.39846 1.39846 1.39846]
[0.710123 0.710123 0.710123 0.710123 0.710123 0.710123 0.710123 0.710123 0.710123 0.710123]
[1.12575 1.12575 1.12575 1.12575 1.12575 1.12575 1.12575 1.12575 1.12575 1.12575]
[1.09401 1.09401 1.09401 1.09401 1.09401 1.09401 1.09401 1.09401 1.09401 1.09401]
[0.686507 0.686507 0.686507 0.686507 0.686507 0.686507 0.686507 0.686507 0.686507 0.686507]
[1.07743 1.07743 1.07743 1.07743 1.07743 1.07743 1.07743 1.07743 1.07743 1.07743]
[0.924614 0.924614 0.924614 0.924614 0.924614 0.924614 0.924614 0.924614 0.924614 0.924614]
[1.3448 1.3448 1.3448 1.3448 1.3448 1.3448 1.3448 1.3448 1.3448 1.3448]
[0.529675 0.529675 0.529675 0.529675 0.529675 0.529675 0.529675 0.529675 0.529675 0.529675]
[0.6781 0.6781 0.6781 0.6781 0.6781 0.6781 0.6781 0.6781 0.6781 0.6781]
[0.499609 0.499609 0.499609 0.499609 0.499609 0.499609 0.499609 0.499609 0.499609 0.499609]
[0.665014 0.665014 0.665014 0.665014 0.665014 0.665014 0.665014 0.665014 0.665014 0.665014]
[1.89891 1.89891 1.89891 1.89891 1.89891 1.89891 1.89891 1.89891 1.89891 1.89891]
[0.643698 0.643698 0.643698 0.643698 0.643698 0.643698 0.643698 0.643698 0.643698 0.643698]
[1.22947 1.22947 1.22947 1.22947 1.22947 1.22947 1.22947 1.22947 1.22947 1.22947]
[1.03252 1.03252 1.03252 1.03252 1.03252 1.03252 1.03252 1.03252 1.03252 1.03252]
[0.506013 0.506013 0.506013 0.506013 0.506013 0.506013 0.506013 0.506013 0.506013 0.506013]
[0.880641 0.880641 0.880641 0.880641 0.880641 0.880641 0.880641 0.880641 0.880641 0.880641]
[0.756187 0.756187 0.756187 0.756187 0.756187 0.756187 0.756187 0.756187 0.756187 0.756187]
[0.663278 0.663278 0.663278 0.663278 0.663278 0.663278 0.663278 0.663278 0.663278 0.663278]
[1.17487 1.17487 1.17487 1.17487 1.17487 1.17487 1.17487 1.17487 1.17487 1.17487]
[0.589267 0.589267 0.589267 0.589267 0.589267 0.589267 0.589267 0.589267 0.589267 0.589267]
[1.03394 1.03394 1.03394 1.03394 1.03394 1.03394 1.03394 1.03394 1.03394 1.03394]
[0.647457 0.647457 0.647457 0.647457 0.647457 0.647457 0.647457 0.647457 0.647457 0.647457]
[0.73638 0.73638 0.73638 0.73638 0.73638 0.73638 0.73638 0.73638 0.73638 0.73638]
[0.498882 0.498882 0.498882 0.498882 0.498882 0.498882 0.498882 0.498882 0.498882 0.498882]
[0.46192 0.46192 0.46192 0.46192 0.46192 0.46192 0.46192 0.46192 0.46192 0.46192]
[0.699901 0.699901 0.699901 0.699901 0.699901 0.699901 0.699901 0.699901 0.699901 0.699901]
[1.18381 1.18381 1.18381 1.18381 1.18381 1.18381 1.18381 1.18381 1.18381 1.18381]
[0.986423 0.986423 0.986423 0.986423 0.986423 0.986423 0.986423 0.986423 0.986423 0.986423]
[0.630688 0.630688 0.630688 0.630688 0.630688 0.630688 0.630688 0.630688 0.630688 0.630688]
[0.771133 0.771133 0.771133 0.771133 0.771133 0.771133 0.771133 0.771133 0.771133 0.771133]
[1.44089 1.44089 1.44089 1.44089 1.44089 1.44089 1.44089 1.44089 1.44089 1.44089]
[0.418931 0.418931 0.418931 0.418931 0.418931 0.418931 0.418931 0.418931 0.418931 0.418931]
[0.84261 0.84261 0.84261 0.84261 0.84261 0.84261 0.84261 0.84261 0.84261 0.84261]
[0.702556 0.702556 0.702556 0.702556 0.702556 0.702556 0.702556 0.702556 0.702556 0.702556]
[0.508742 0.508742 0.508742 0.508742 0.508742 0.508742 0.508742 0.508742 0.508742 0.508742]
[1.07807 1.07807 1.07807 1.07807 1.07807 1.07807 1.07807 1.07807 1.07807 1.07807]
[1.21968 1.21968 1.21968 1.21968 1.21968 1.21968 1.21968 1.21968 1.21968 1.21968]
[0.571921 0.571921 0.571921 0.571921 0.571921 0.571921 0.571921 0.571921 0.571921 0.571921]
[1.12292 1.12292 1.12292 1.12292 1.12292 1.12292 1.12292 1.12292 1.12292 1.12292]
[1.10516 1.10516 1.10516 1.10516 1.10516 1.10516 1.10516 1.10516 1.10516 1.10516]
[0.481853 0.481853 0.481853 0.481853 0.481853 0.481853 0.481853 0.481853 0.481853 0.481853]
[0.798654 0.798654 0.798654 0.798654 0.798654 0.798654 0.798654 0.798654 0.798654 0.798654]
[1.07747 1.07747 1.07747 1.07747 1.07747 1.07747 1.07747 1.07747 1.07747 1.07747]
[1.11574 1.11574 1.11574 1.11574 1.11574 1.11574 1.11574 1.11574 1.11574 1.11574]
[1.14379 1.14379 1.14379 1.14379 1.14379 1.14379 1.14379 1.14379 1.14379 1.14379]
[1.2693 1.2693 1.2693 1.2693 1.2693 1.2693 1.2693 1.2693 1.2693 1.2693]
[0.986108 0.986108 0.986108 0.986108 0.986108 0.986108 0.986108 0.986108 0.986108 0.986108]
[0.383685 0.383685 0.383685 0.383685 0.383685 0.383685 0.383685 0.383685 0.383685 0.383685]
[1.65493 1.65493 1.65493 1.65493 1.65493 1.65493 1.65493 1.65493 1.65493 1.65493]
[1.24157 1.24157 1.24157 1.24157 1.24157 1.24157 1.24157 1.24157 1.24157 1.24157]
[1.04208 1.04208 1.04208 1.04208 1.04208 1.04208 1.04208 1.04208 1.04208 1.04208]
[0.460203 0.460203 0.460203 0.460203 0.460203 0.460203 0.460203 0.460203 0.460203 0.460203]
[0.277802 0.277802 0.277802 0.277802 0.277802 0.277802 0.277802 0.277802 0.277802 0.277802]
[1.7111 1.7111 1.7111 1.7111 1.7111 1.7111 1.7111 1.7111 1.7111 1.7111]
[0.99466 0.99466 0.99466 0.99466 0.99466 0.99466 0.99466 0.99466 0.99466 0.99466]
[1.0729 1.0729 1.0729 1.0729 1.0729 1.0729 1.0729 1.0729 1.0729 1.0729]
[0.661273 0.661273 0.661273 0.661273 0.661273 0.661273 0.661273 0.661273 0.661273 0.661273]
[0.304833 0.304833 0.304833 0.304833 0.304833 0.304833 0.304833 0.304833 0.304833 0.304833]
[0.429946 0.429946 0.429946 0.429946 0.429946 0.429946 0.429946 0.429946 0.429946 0.429946]
[0.912152 0.912152 0.912152 0.912152 0.912152 0.912152 0.912152 0.912152 0.912152 0.912152]
[1.45887 1.45887 1.45887 1.45887 1.45887 1.45887 1.45887 1.45887 1.45887 1.45887]
[1.21432 1.21432 1.21432 1.21432 1.21432 1.21432 1.21432 1.21432 1.21432 1.21432]
[1.46729 1.46729 1.46729 1.46729 1.46729 1.46729 1.46729 1.46729 1.46729 1.46729]
